0.345449 -1.273600 
0.673910 -1.266087 
0.115871 0.514458 
1.512409 -0.375115 
2.084538 -0.073588 
0.536120 -0.985992 
2.826765 -0.264068 
0.187597 -1.832580 
2.936199 0.141380 
2.073069 0.104469 
2.494010 -2.445477 
0.379011 0.237410 
2.574708 -1.880182 
2.483573 -2.132252 
2.729420 -0.996190 
0.620111 -1.654808 
1.420029 0.469380 
0.477356 -0.946832 
2.278988 0.310692 
1.950015 -0.140970 
0.824803 -0.936943 
0.570017 -0.002901 
0.464444 -1.041059 
0.719610 -0.321305 
0.769566 -0.287946 
2.814872 -0.803773 
1.567523 -0.011477 
1.214501 -0.255699 
2.372714 0.538128 
0.711546 -0.083714 
0.522457 -0.203275 
2.308734 -1.255860 
0.549857 -0.438937 
0.530425 -0.333529 
0.403806 -1.366236 
0.199467 -0.307356 
1.849993 -0.293863 
2.342968 -1.599478 
0.905933 -0.295369 
2.664614 -0.078867 
2.702003 -2.845660 
1.620469 0.204437 
0.689913 -0.598220 
0.663494 -0.402133 
1.019561 -1.501175 
2.100976 0.488972 
-0.167277 0.227208 
1.691885 0.278611 
1.973409 -0.656613 
1.677679 0.039356 
1.027280 -0.263401 
2.222209 -0.001411 
2.995887 0.358164 
-0.317721 0.098776 
1.035666 -1.108043 
2.734463 0.193955 
0.159598 -0.608369 
3.611219 -1.655537 
0.487877 -1.138107 
1.298282 0.792639 
2.260681 -1.392804 
0.664278 -2.116181 
0.585763 -1.016458 
2.418787 -1.967627 
0.270073 -0.063887 
0.040126 -1.183810 
1.169973 -0.385549 
1.906242 -2.479886 
0.661758 -0.778064 
2.331956 0.256421 
0.560334 -0.930208 
2.818216 -2.176434 
0.384275 -0.208137 
1.859624 0.243840 
0.527894 -1.390749 
0.182477 -0.797036 
-0.182679 -1.287537 
1.798223 0.349409 
1.110120 0.423911 
1.745204 -1.404889 
1.284268 0.725795 
0.274724 -1.043962 
0.370489 -0.737983 
1.397439 -0.505606 
0.816285 -0.152532 
1.013729 -2.745723 
0.227588 -0.109295 
1.368530 -0.162668 
0.872331 0.246533 
2.394467 -1.280653 
0.558477 -0.211590 
1.297968 -1.945851 
2.630061 -2.156493 
0.827061 -0.543224 
0.690402 -1.887251 
0.539700 -0.482376 
0.849482 -0.425999 
2.441400 -1.680636 
2.238067 1.348489 
0.844347 -0.203086 
-1.285097 0.331863 
-2.084270 1.040291 
-1.586024 -0.649010 
-1.458979 1.734944 
-0.682802 0.304935 
-0.496693 1.399236 
1.014145 0.780200 
1.712767 1.335634 
0.127813 0.552494 
-1.482931 1.272691 
-2.069881 0.001803 
-1.467700 0.868587 
-0.678569 0.476327 
0.684661 1.015245 
0.152698 0.267290 
-1.077483 1.068805 
-1.008334 -0.075307 
-0.653153 -0.515578 
-0.838207 0.420879 
-1.977968 1.565396 
1.281191 0.302892 
-0.647593 1.574184 
-0.579140 0.567182 
0.663013 2.870319 
-0.455778 0.058921 
-1.371313 0.691902 
-1.304412 -0.728155 
0.190123 0.783773 
-0.165379 2.328587 
-1.813424 0.770028 
0.232517 1.913654 
-0.982351 0.667935 
0.337818 0.493635 
-1.334501 0.919992 
-0.309400 0.817106 
-0.393167 0.957733 
-0.338048 0.268897 
1.810446 -0.328305 
-0.185386 1.748093 
0.011866 -0.523133 
-0.928290 -0.505406 
-1.959652 -0.062739 
1.073386 0.582223 
0.105178 1.757311 
1.003837 -0.127669 
0.355689 0.179493 
-1.696196 1.046642 
-0.267902 1.827358 
-1.146751 -0.693853 
-0.410877 0.795683 
1.596211 0.015870 
0.110289 0.476217 
-1.498818 1.279894 
-0.099185 1.269212 
-1.990182 -1.380846 
0.547521 0.257661 
2.017518 -0.646672 
-0.757093 0.672617 
-0.256802 1.813916 
-1.341897 -0.097575 
0.996481 -0.159071 
-0.448130 1.531763 
0.378487 2.338408 
-1.648845 -0.231700 
-0.644756 0.079503 
-0.984029 1.062204 
0.662791 2.265064 
-0.271039 2.244413 
-2.059812 0.441900 
-0.655072 1.332009 
1.748154 -0.290872 
-0.122082 0.395106 
0.942041 2.146549 
-1.940682 1.458004 
-1.993433 0.443223 
-0.278876 0.080020 
0.750162 1.035438 
-2.420687 -0.147734 
0.741189 1.683356 
0.225519 1.511282 
0.426480 1.591498 
-0.045219 1.522314 
-0.442826 0.137611 
-1.373981 0.397036 
0.868293 -0.343757 
0.785919 2.365157 
-1.331366 -0.145990 
-1.504087 0.163873 
-0.724342 1.238858 
-0.569383 1.813697 
-0.488029 0.373490 
-1.698809 0.960048 
1.329410 1.088064 
1.566570 1.228576 
0.148396 1.780619 
0.749247 2.851236 
0.524063 0.059965 
-0.687177 1.438520 
-1.066978 0.740195 
-1.433151 -0.349344 
2.305671 3.860466 
1.817923 0.123337 
1.595484 2.417010 
3.635030 1.988043 
2.625996 3.135014 
2.901413 -1.104009 
0.023742 0.789886 
1.884885 1.526380 
1.887248 1.578648 
0.897498 1.705708 
2.932536 -0.769376 
1.376310 1.701443 
1.384820 2.271457 
4.058797 1.492588 
1.045006 2.434034 
1.395980 2.709744 
0.071041 0.949026 
0.574408 2.392253 
2.359812 1.270627 
3.333963 -0.497200 
2.424630 2.540129 
-0.315092 0.471497 
3.124473 2.494303 
2.876157 -1.257426 
3.149354 2.028901 
3.275147 1.864628 
1.977311 2.862928 
2.171577 0.001063 
3.862266 1.971107 
2.911807 2.722131 
1.925297 2.394186 
1.622532 1.756148 
1.746940 3.431970 
-0.465916 1.104628 
3.081281 3.074123 
1.737753 -0.514517 
2.560060 -0.409057 
-0.279188 0.578586 
2.948852 1.054365 
4.468458 1.894273 
1.248344 2.091930 
3.349615 3.179625 
1.045741 2.943764 
-0.218157 1.096719 
1.531157 1.748987 
2.919038 2.494531 
3.229761 2.433899 
1.016564 2.965862 
0.084750 1.041215 
2.752771 3.369644 
3.102617 3.280060 
1.591578 1.412188 
2.517707 2.199871 
3.003845 4.159024 
3.392022 2.936069 
2.172862 -0.788811 
2.662917 2.055435 
-0.502131 0.823576 
3.406040 2.033748 
2.310268 -0.640523 
0.739585 2.875689 
1.050698 2.159973 
1.710073 2.361675 
3.356762 1.458152 
1.800011 4.048766 
1.229654 3.660833 
-0.447915 0.417830 
2.212689 -0.275352 
1.911472 2.700999 
0.577716 -0.005958 
2.969446 1.158133 
-0.609189 0.898765 
-0.550507 1.148358 
1.882799 3.494542 
1.229860 3.138713 
4.000641 2.035967 
1.928788 -0.676219 
2.273934 2.320326 
1.062402 1.140264 
2.766385 -1.202756 
1.075759 3.414598 
1.930160 2.008720 
2.579875 3.104273 
3.196204 3.516503 
2.319765 2.901364 
0.153147 0.391516 
1.364747 2.388922 
2.490650 3.730117 
1.251260 1.200654 
3.065046 1.982416 
1.525275 3.292922 
2.046412 1.828140 
1.596010 3.100120 
0.721728 2.125288 
3.343492 1.985677 
1.967089 2.132044 
1.640200 3.059552 
1.581387 2.749912 
1.611972 1.224455 
2.933293 -1.270153 
