0.566612 0.160104 
-0.265933 0.438364 
0.541401 0.577543 
1.618257 0.834738 
1.661390 -1.003549 
0.350409 -0.627321 
1.390486 0.092286 
2.818573 -0.429435 
0.789840 -1.279431 
1.328110 0.422909 
0.029152 -0.556519 
0.112089 -1.134610 
0.576028 -0.856614 
0.374476 0.392312 
-0.810833 -1.187231 
-1.042417 -0.837409 
1.190274 0.895169 
0.849731 -1.407682 
0.866031 -1.457213 
2.058915 0.044054 
-0.540118 -0.562703 
0.843954 -1.768800 
0.611818 0.222450 
0.110407 0.150468 
1.762873 0.537835 
2.193897 -0.320435 
2.360686 -0.895757 
-0.306049 -0.684331 
0.351045 -0.429399 
0.453235 -0.032982 
0.793239 -0.301031 
0.323534 -0.902991 
2.031302 -0.684535 
-0.629012 -1.111662 
-1.227345 -1.054011 
1.777388 -0.695699 
0.751016 0.888505 
0.381738 -0.466116 
1.889816 0.129427 
2.366422 -0.142866 
2.152164 -0.620686 
-0.078861 -0.373433 
2.527600 -0.220055 
2.075014 0.184361 
3.045040 -0.735871 
0.937104 -2.039804 
0.635852 0.338505 
-0.729270 -0.736958 
0.926817 -0.520664 
2.339069 -0.614542 
1.877411 -0.708087 
0.889589 -1.356106 
-1.752427 -1.120103 
-0.598283 -0.473201 
0.634914 -0.913812 
0.117039 -0.765862 
2.326650 -0.904266 
0.827491 0.436099 
2.488418 -0.523891 
0.256324 -0.836462 
0.720127 -2.349078 
2.338040 -1.104656 
1.228151 -1.547314 
1.886539 0.093785 
-0.456523 -0.324742 
0.726362 -1.632954 
1.036859 -0.704273 
0.207651 0.327317 
0.906075 1.058011 
0.609440 -1.042637 
0.889542 -0.991439 
-1.002736 -0.848135 
1.101663 -0.322893 
0.192139 -2.344157 
1.065459 -1.309044 
0.705025 -0.854967 
0.754586 -1.813751 
2.649728 -0.972848 
0.339686 -0.506411 
0.770276 -0.539013 
0.436333 -1.258677 
-0.147302 -0.393589 
-0.702004 -0.342955 
-0.206929 -0.199232 
1.114488 1.217155 
0.777860 -0.678965 
-1.132281 -0.803242 
1.605425 -0.960759 
0.724156 0.882870 
1.075632 -2.447328 
1.226391 0.769315 
0.759587 0.386251 
0.982745 -1.829557 
1.575229 -1.253945 
0.362094 -1.500937 
0.806207 -0.297196 
-0.597033 -1.525075 
-1.598315 -0.679789 
0.396385 0.598355 
0.098303 -0.855298 
1.096466 1.788960 
0.392781 0.259978 
-0.054935 -1.147288 
-0.939756 1.783517 
1.633276 2.646829 
-0.209898 0.128278 
1.921421 2.683664 
0.988279 0.197760 
-1.065597 1.032647 
-0.935804 0.513889 
1.598177 1.860886 
0.608293 0.856152 
1.742994 -0.402975 
-0.090527 -0.947281 
0.842573 1.662665 
1.724117 0.069901 
-0.776978 3.500869 
-0.910080 0.537018 
0.547409 0.366536 
0.046594 1.221476 
0.794064 1.176997 
-0.076945 3.752005 
-0.035652 2.734786 
0.363774 1.778606 
1.586531 1.805635 
0.978717 -0.532797 
-1.003693 3.172959 
-0.699986 3.627330 
-1.475442 0.822887 
0.720004 0.389575 
-0.322215 0.452538 
-1.763978 1.223491 
1.020429 2.808621 
1.490328 2.401320 
-1.200111 0.504946 
-0.464326 1.100645 
2.007500 2.550728 
1.296591 1.491366 
1.378385 2.544984 
-0.013347 1.081419 
-0.573590 -1.295191 
0.838358 1.360029 
-0.792416 1.615935 
2.094387 2.376886 
-0.822853 1.204879 
1.384707 2.805453 
1.243528 1.933163 
-1.278304 0.878082 
-0.708255 0.548493 
0.419467 1.069240 
-0.527273 0.427676 
-0.564312 4.382536 
-1.938435 1.148334 
0.929666 2.141605 
-0.253613 -0.964122 
-0.361658 4.196282 
0.374363 0.136746 
-1.332467 0.921051 
1.737838 1.505768 
0.589476 -1.150722 
1.534461 2.262182 
0.633865 0.917381 
0.290151 1.445633 
-1.292139 1.210815 
1.500825 2.990145 
-0.696837 1.255377 
-0.383720 1.341072 
1.396389 0.152392 
-0.396191 1.113383 
-0.327822 0.649489 
-0.115542 1.714692 
-0.064612 -1.903297 
-0.510433 3.245599 
-1.238822 0.691353 
0.251922 1.926720 
0.482643 0.990991 
-0.131827 0.687177 
0.870264 -1.005040 
1.514350 2.329145 
-0.757209 3.663187 
1.204679 2.847793 
-0.475761 -1.868326 
1.831090 2.462317 
-1.652747 1.112185 
-2.123965 0.912094 
0.341304 3.388307 
-1.252362 1.769541 
0.043813 -0.098108 
-0.170991 1.022642 
0.838921 0.666375 
-1.674240 1.756352 
1.599044 2.948625 
2.171482 3.173520 
-0.198359 0.591665 
0.107509 1.493678 
-1.809622 1.422882 
0.164298 1.452769 
-0.043668 0.887884 
-0.538322 1.254609 
-1.079076 1.147916 
