-4.219813 -5.356951 
-4.758092 -6.362594 
-6.600885 -4.631328 
-5.638720 -6.452688 
-2.899872 -5.190804 
-5.008320 -5.194477 
-6.413888 -4.402392 
-5.627922 -6.959521 
-5.296916 -4.350823 
-4.508859 -5.367168 
-5.115084 -5.914298 
-4.928174 -5.006165 
-5.012628 -4.834995 
-5.679054 -5.299952 
-4.170701 -6.039057 
-5.258287 -4.146932 
-5.327681 -4.860458 
-4.862122 -5.499836 
-5.047338 -4.139898 
-5.368777 -4.740371 
-4.910127 -5.896269 
-3.505870 -4.560851 
-4.617256 -6.269578 
-5.463215 -5.748005 
-5.614850 -4.892842 
-5.168926 -4.709192 
-6.114391 -4.950151 
-3.708999 -6.366856 
-4.855561 -4.421076 
-5.822645 -4.107803 
-4.914716 -4.174564 
-6.020722 -5.403284 
-4.588219 -5.278528 
-5.128315 -5.719434 
-4.970295 -4.823078 
-4.744139 -4.821721 
-4.396333 -5.545518 
-5.572595 -4.349783 
-6.037361 -4.397434 
-5.073466 -4.535342 
-5.581888 -5.532780 
-4.699493 -5.946464 
-6.311460 -4.538807 
-4.392896 -3.976663 
-4.783347 -5.912257 
-5.785993 -6.561426 
-5.224323 -3.984518 
-4.407542 -5.043609 
-3.284230 -4.167165 
-5.248258 -4.303137 
-4.022805 -5.861665 
-5.608575 -5.305384 
-4.853706 -5.590393 
-5.146723 -4.872947 
-4.759402 -4.175300 
-5.352218 -4.960412 
-6.005078 -6.484954 
-5.191466 -4.126513 
-4.689111 -4.998111 
-5.357898 -5.324942 
-5.130354 -6.487170 
-4.715744 -4.735597 
-4.618708 -4.826631 
-5.518729 -4.760588 
-5.189768 -5.762307 
-4.384394 -5.516303 
-4.766117 -5.647941 
-5.953107 -3.736009 
-3.905489 -5.580113 
-5.436028 -5.139096 
-5.493964 -5.629427 
-6.006634 -4.356003 
-5.077522 -5.008673 
-5.072628 -4.948512 
-5.228195 -4.335732 
-5.593678 -4.522535 
-6.174187 -4.444236 
-2.869850 -6.508075 
-3.938746 -4.844486 
-5.253845 -4.316733 
-5.081232 -4.752517 
-4.746219 -4.362320 
-5.008582 -3.500093 
-5.403305 -4.117116 
-4.339538 -5.794212 
-5.804912 -5.586959 
-3.616024 -5.086111 
-6.246792 -5.454380 
-5.228632 -5.055826 
-4.382984 -4.131593 
-4.916621 -5.375732 
-6.062820 -5.202307 
-4.348164 -5.160942 
-4.884568 -4.523040 
-5.576059 -4.266843 
-4.714534 -5.105686 
-4.465316 -5.224210 
-3.455368 -4.339849 
-5.066314 -4.488561 
-5.208035 -4.654801 
5.799422 4.956493 
5.007533 5.513068 
5.087917 4.132138 
6.258248 5.135008 
4.830668 4.480405 
5.606692 5.557472 
4.378909 3.610265 
4.461223 3.617236 
5.610079 6.148549 
5.458421 4.894344 
5.748184 3.608224 
4.552266 3.807721 
5.719827 4.938537 
5.121570 5.217355 
4.966431 5.238681 
6.194406 5.754477 
6.016144 5.235425 
3.408247 4.948039 
5.252076 5.740876 
4.398788 6.455836 
4.788185 5.018875 
4.551519 4.829924 
6.148679 5.734313 
5.877569 4.641338 
5.392643 3.951304 
5.497391 4.924702 
5.323970 5.173428 
5.483650 5.103091 
5.177689 4.209394 
4.873779 4.577899 
5.359016 4.519529 
4.780868 5.675325 
4.721138 4.907510 
4.809266 5.459198 
4.937683 5.423214 
5.005678 4.863882 
6.790250 3.599364 
4.135037 5.256636 
4.242158 5.497768 
5.173990 4.467834 
4.964212 4.988038 
4.483706 4.687696 
5.231215 6.203025 
5.532445 4.978384 
4.184196 5.144192 
4.711594 4.259086 
4.089313 4.480015 
5.059098 4.040765 
5.115824 5.515188 
5.482653 5.429346 
4.231822 4.414314 
5.210359 7.041873 
4.898666 5.649927 
5.984260 5.286936 
5.216903 6.354947 
4.620153 3.263567 
4.838120 4.935608 
4.620835 4.982549 
6.017542 5.141376 
4.638598 4.265801 
3.863796 5.374319 
4.857700 3.432260 
5.808579 5.075955 
5.469018 5.310356 
5.116025 4.971013 
6.262472 5.257605 
4.584425 4.459984 
5.183166 5.388572 
4.383521 4.735091 
4.442859 3.826797 
4.756515 4.780635 
5.457934 4.561634 
6.452487 4.275505 
5.564937 5.357088 
4.242634 5.028619 
4.854933 4.819879 
4.607950 4.612692 
4.792858 6.185531 
5.834550 5.829438 
5.266859 4.866313 
5.701149 5.061216 
5.426705 6.069542 
4.439345 6.268034 
5.658188 5.779670 
4.045131 4.769591 
5.565537 4.587888 
5.424008 5.531452 
5.778121 4.389248 
3.996091 4.242777 
4.856008 4.748810 
5.012666 5.675909 
5.070959 5.112629 
5.619678 5.173200 
5.495466 5.795318 
5.461045 5.165907 
5.126240 4.194915 
6.185118 5.595450 
4.770121 5.336825 
5.071522 4.937499 
4.592217 4.707940 
0.577229 0.619474 
0.811974 -0.619772 
-0.767183 -0.860865 
-0.096253 -1.141864 
0.463220 1.301133 
-0.914615 -0.579068 
1.362411 0.701546 
0.164934 0.377466 
-0.385389 -1.079559 
0.730309 1.430377 
0.266676 0.390532 
0.077255 1.287035 
-0.480966 0.242286 
-1.248321 0.126969 
-0.681345 -0.720767 
-0.456531 0.026587 
0.319985 0.096961 
0.434516 -1.075546 
-0.555291 -0.013377 
0.585609 0.115433 
0.471935 -0.509931 
-0.088743 0.290340 
-0.672620 -0.857460 
0.630768 -0.405699 
-0.091727 0.074524 
-0.716642 -0.427868 
0.178394 0.298254 
0.370231 -0.256545 
-1.033528 -0.618093 
1.319748 0.658736 
-1.519609 0.424294 
-1.156287 0.404013 
0.865512 0.484446 
0.229933 0.713768 
-0.303287 0.700651 
0.008200 0.023823 
0.517120 -0.318389 
-0.613785 -0.078246 
0.656308 0.875298 
0.493077 -0.847015 
-0.031926 -0.399087 
0.135207 0.737731 
-0.444603 0.598214 
-0.605717 -0.350397 
-0.274861 -0.146242 
0.727265 -0.110165 
-0.169508 -0.194736 
-0.319346 -1.727638 
-0.692446 -0.302163 
-0.801468 0.218539 
0.015642 1.733525 
0.735560 -1.034234 
0.870791 -0.449396 
0.396107 -0.272570 
-0.218523 -0.666291 
-0.259935 -0.476430 
0.258542 -1.360646 
0.662869 -0.079491 
0.688894 -0.366642 
-1.498306 0.378290 
-0.032856 0.040594 
-0.683617 0.753647 
-0.333223 1.146034 
1.226991 0.086164 
-0.549797 -0.875427 
-1.190625 0.172623 
0.125177 0.988718 
-0.088019 -0.067510 
-0.293842 0.274091 
0.621871 -0.683288 
0.400313 1.067156 
0.265813 0.285551 
-0.195836 -0.298499 
0.247557 -1.183714 
-0.205985 -0.486228 
0.131577 -0.726330 
0.407717 -0.348291 
0.240174 0.245231 
-0.475761 0.586441 
-0.379726 0.110049 
-0.735503 0.059195 
0.705187 0.264894 
-0.018423 1.876097 
-0.464569 0.235264 
0.479239 0.099540 
-0.361214 1.115698 
0.315373 0.063320 
1.072423 -0.475871 
0.663094 0.658948 
-0.113252 -0.253067 
-0.080496 0.142907 
1.369755 0.619603 
-0.120773 0.571306 
0.212958 -1.133728 
0.230509 -1.670223 
0.653958 -0.496177 
0.152234 1.168072 
0.258977 0.166222 
0.227795 -0.107305 
1.901413 -0.110230 
