-0.796629 -1.930362 
-0.669768 -0.556558 
-0.996774 -1.941368 
-0.769419 -1.092524 
-0.148229 -2.291811 
-1.992860 -0.621046 
-0.854645 -0.510071 
-2.407988 -1.486171 
-0.979912 -0.775440 
0.365081 -0.884853 
-0.334516 -0.180381 
-1.004896 -0.909216 
-1.239173 -0.264992 
-0.626460 -1.082570 
-0.252659 -1.458415 
-0.989577 -1.026857 
0.141809 -1.140944 
-1.576897 -0.376565 
-2.412629 -1.039700 
-1.529051 -1.594846 
-1.140929 -1.109491 
-1.263581 -0.159537 
-1.599182 -1.293384 
-0.054430 -1.465712 
-2.142909 -0.304214 
-1.347768 -0.928421 
-1.685400 -1.256472 
-1.335245 -1.522430 
-1.471049 -2.046407 
-0.661738 -0.891550 
-1.736139 -1.224165 
-1.580294 -0.774491 
-0.928491 -2.029934 
-0.233509 -0.065322 
-2.311349 -0.655495 
0.272617 -2.107772 
-1.621104 -0.252546 
-0.541984 -1.415480 
-0.257845 -0.786297 
-0.064432 -0.844817 
-1.365828 -1.620982 
-0.982807 -3.023315 
-1.114811 -0.621305 
-1.428267 -1.241857 
-0.807872 -1.422750 
-0.746401 -0.703784 
-1.249124 -1.487678 
-0.906407 -0.525396 
0.890508 -0.893299 
-1.005350 -1.700968 
-0.497740 -0.408272 
-1.327065 -0.664471 
-1.373266 -0.114585 
-1.244508 -1.631180 
-0.600797 -1.633054 
-1.566774 -0.778445 
-2.310231 -0.528336 
-0.962371 -0.414433 
-1.308592 -0.995397 
-0.802005 -1.166801 
-0.940175 -0.538386 
-0.484435 0.389134 
-0.363071 -0.374505 
-1.937368 -0.940223 
-2.078040 -1.406243 
-0.644726 -0.646623 
-0.783349 -1.342314 
-1.664087 -0.831393 
-0.125025 -0.449695 
-0.976657 -0.346440 
-0.912624 -0.584124 
-0.806296 -0.025653 
-0.466724 0.309000 
0.077983 -2.341852 
-1.185245 -2.257720 
-2.223778 -1.652406 
-0.283373 -2.412748 
-1.656008 -1.252508 
-0.120585 -1.237871 
-1.416831 -0.822922 
0.054637 -0.797653 
-1.569913 -1.485194 
-1.786726 -1.575100 
-0.323342 -0.438980 
-1.963823 -1.270076 
-0.518754 -1.969588 
-0.690412 -0.992712 
-1.101305 -0.855657 
-1.241500 -1.290639 
0.455092 -0.530791 
-1.264836 -0.840348 
-1.134494 -1.150503 
-1.663784 -1.031137 
-1.575205 -0.676017 
-1.412681 -1.312129 
0.208817 -1.745960 
-1.276069 -1.110015 
-1.487950 -0.908679 
-1.316940 -0.639780 
-0.494860 -1.021301 
2.080177 2.020953 
1.837502 3.380537 
0.966399 2.324579 
-0.038119 1.717644 
1.966435 1.840629 
1.672987 1.801810 
1.592250 2.923994 
1.401810 1.798916 
0.715020 1.440176 
1.631081 2.170143 
2.114152 1.933075 
1.249186 2.560902 
2.318547 2.678426 
1.807103 2.768698 
1.928261 2.457617 
0.989469 2.447281 
1.459481 3.345820 
2.290011 1.179738 
1.441433 1.754415 
2.114295 0.801408 
3.398589 2.650104 
2.562338 2.015225 
2.733529 1.788334 
3.669005 0.783058 
2.831130 2.129706 
2.281245 1.816342 
3.379741 1.042020 
1.360311 1.181565 
1.517646 1.461194 
3.427148 1.823011 
2.321269 0.834148 
1.970228 1.871313 
2.323973 2.435357 
1.813222 1.733651 
1.793535 1.506415 
1.726492 2.215047 
1.608268 2.778581 
1.332684 1.684200 
1.957681 1.669985 
1.593637 0.984721 
3.019546 1.308650 
2.166543 2.428432 
2.722222 1.919634 
1.901125 2.540627 
1.942335 2.473689 
2.889715 2.265719 
3.038410 2.542105 
2.023293 3.077257 
3.196763 2.407876 
2.336391 2.301208 
2.260590 1.969643 
3.549979 1.121587 
3.085893 1.642945 
2.641530 2.230412 
2.284440 1.214105 
1.619306 2.331056 
1.918530 2.228122 
3.288349 2.070726 
0.570579 2.213146 
1.549589 2.016846 
1.866496 1.984405 
2.104846 1.993807 
0.738606 2.657224 
2.374107 1.936055 
2.515998 0.132428 
1.335224 1.656240 
1.816656 2.138571 
1.141894 2.678626 
3.148730 2.976037 
2.264113 1.334285 
1.822593 2.538015 
1.345604 2.168235 
2.069763 1.852658 
3.190966 2.017493 
2.194638 1.980137 
2.249813 2.099249 
1.151206 2.167999 
2.117471 1.525143 
2.548829 1.261073 
1.023178 2.682900 
2.797814 1.844609 
3.743329 3.000228 
0.898386 1.346501 
0.538659 1.579879 
1.948665 3.004994 
2.536773 2.995329 
1.942255 1.272387 
1.887942 2.146026 
2.004595 2.948309 
1.247209 2.942373 
0.837577 1.091442 
3.118325 3.144365 
2.206909 2.467853 
1.160234 2.160758 
2.760802 1.840494 
1.082620 1.316939 
1.913895 2.067188 
2.523805 1.818463 
1.405523 3.633510 
1.752887 2.134393 
