48 60
45 58
45 68
49 79
46 49
47 43
45 52
47 52
48 56
53 72
52 68
50 77
53 73
52 68
55 67
46 75
49 71
51 81
50 68
54 80
54 76
62 87
60 64
68 83
60 93
59 92
61 82
49 83
51 82
46 85
38 86
42 79
55 86
60 76
67 76
69 83
61 86
57 86
46 98
47 79
50 81
53 84
49 92
51 93
53 99
52 117
54 137
54 150
54 153
113 149
167 148
177 151
138 154
128 159
121 157
112 156
114 160
130 159
151 158
163 162
166 165
175 162
176 161
173 162
161 163
154 168
178 164
189 168
122 165
22 167
39 167
44 165
49 164
53 162
47 163
47 152
42 148
45 154
48 176
46 187
49 186
46 183
47 184
50 181
47 180
49 175
47 173
49 148
49 122
45 96
46 72
50 50
49 55
50 58
50 40
48 39
50 31
48 22
49 20
48 29
49 26
48 34
49 16
51 22
48 11
45 10
46 2
49 6
45 21
50 24
45 18
51 9
49 60
52 73
50 77
46 76
46 69
45 65
48 62
49 55
48 63
46 65
48 61
49 72
47 69
49 65
47 81
53 87
56 77
69 79
62 84
46 67
52 74
53 77
54 77
49 87
45 89
41 89
42 97
50 92
50 90
50 83
51 85
56 83
54 83
59 83
55 82
47 75
50 74
63 79
63 79
55 75
52 82
55 86
55 89
52 103
50 106
47 121
50 147
52 149
81 151
143 151
161 156
160 160
160 159
158 162
153 164
154 167
159 165
163 165
174 167
175 167
171 169
168 166
164 169
166 171
177 173
190 172
166 171
162 171
193 170
177 167
63 165
35 162
51 164
44 163
49 161
48 160
43 162
45 154
42 148
44 159
43 178
47 186
46 186
44 188
44 187
49 185
49 180
50 182
46 176
50 175
51 169
49 165
53 155
52 144
51 135
48 113
49 96
52 86
52 73
52 67
52 50
50 45
53 41
52 46
49 56
49 76
54 97
47 124
52 138
48 143
54 136
51 111
45 62
39 54
42 80
47 56
47 68
48 89
46 67
47 72
50 71
50 66
49 70
54 68
58 67
59 73
64 83
51 94
56 79
65 86
50 71
52 68
51 86
49 78
40 77
47 78
41 88
32 97
36 103
47 106
64 96
50 89
38 91
33 97
29 96
48 82
42 80
38 74
34 78
23 78
31 93
38 94
41 106
37 111
46 117
43 123
53 134
55 139
58 148
49 155
100 146
139 152
161 156
172 160
154 164
172 166
174 166
173 163
163 166
177 165
181 164
169 167
156 168
148 171
149 171
151 175
164 176
181 172
196 175
166 174
167 174
191 172
182 168
62 168
36 168
47 172
48 167
40 166
45 165
41 165
44 162
43 153
43 151
45 163
45 181
43 190
48 192
47 191
47 190
48 188
50 187
53 182
47 175
50 176
47 178
47 174
46 175
47 176
50 177
50 172
52 170
48 167
49 168
49 164
48 164
49 162
52 163
47 161
50 158
49 155
43 160
50 160
49 161
51 168
47 53
46 63
51 67
47 62
48 63
51 79
50 71
55 78
57 68
55 81
55 84
46 78
37 82
39 80
42 91
47 102
74 90
64 83
53 73
48 78
46 77
39 81
35 83
34 92
31 92
38 107
39 112
41 107
35 107
35 106
42 113
43 108
48 96
43 94
41 93
37 101
43 106
62 122
45 122
33 133
31 133
30 134
23 141
33 147
30 149
33 153
38 156
60 155
75 158
127 164
155 166
178 163
189 166
162 163
175 166
173 162
173 163
182 167
181 170
164 170
136 171
118 169
121 173
121 171
131 170
167 177
197 174
192 178
160 175
167 174
173 176
149 173
38 169
45 173
43 170
46 165
43 164
45 163
44 161
43 162
46 154
43 153
44 152
43 159
47 179
44 189
44 188
46 190
48 186
49 189
51 184
46 181
48 176
47 176
49 181
56 180
50 179
48 179
49 176
52 176
52 168
50 167
51 167
48 168
47 164
50 163
47 164
47 162
52 163
46 166
46 166
45 168
49 48
56 62
51 57
50 64
48 79
44 68
33 82
40 84
37 88
41 87
39 84
36 89
45 92
49 89
49 91
59 101
73 99
43 89
46 81
42 85
40 92
42 93
38 85
35 90
42 103
58 110
44 102
36 108
41 118
56 124
61 111
50 103
53 108
41 110
37 125
45 136
70 144
82 149
74 159
61 153
41 150
50 151
67 154
48 154
43 158
42 159
37 160
35 162
37 162
81 163
130 165
166 167
186 166
191 169
137 170
172 171
168 172
185 172
195 171
153 169
123 170
117 172
121 173
125 173
123 175
136 172
171 173
181 172
167 174
170 179
178 182
172 179
114 172
39 167
43 163
43 166
43 166
42 168
43 164
44 162
45 160
44 156
41 155
44 152
43 151
48 164
43 180
47 185
41 188
46 190
40 189
47 188
51 187
53 182
45 180
43 183
50 180
52 181
49 174
51 179
46 179
55 176
51 176
53 175
50 174
50 170
51 167
52 168
48 168
50 171
50 169
52 174
57 51
45 69
45 66
47 64
44 81
35 80
37 89
31 93
51 91
57 94
46 93
50 94
48 99
47 86
48 103
45 95
73 97
81 87
78 90
79 93
61 94
42 92
37 95
48 95
54 96
50 105
45 114
47 121
45 117
53 123
54 119
50 106
51 119
59 131
51 148
42 156
41 161
37 160
32 158
42 153
52 155
69 154
78 155
95 159
95 162
88 162
68 166
72 167
75 170
64 169
76 169
140 170
174 170
188 165
191 171
129 172
133 171
175 176
190 171
121 170
116 166
137 171
163 171
147 173
145 177
140 176
156 177
162 177
174 173
187 175
183 175
184 175
189 175
109 173
39 171
48 170
43 170
46 166
44 164
40 166
43 165
38 158
43 157
42 158
40 155
40 151
46 152
44 166
47 179
48 185
51 187
48 187
48 189
50 188
54 182
56 182
53 181
48 181
53 179
51 181
54 178
44 176
50 176
47 175
49 174
49 176
48 177
50 176
49 175
47 171
50 173
50 175
39 61
39 61
40 66
42 61
43 82
41 87
42 97
54 105
62 98
46 98
56 106
57 106
49 95
44 103
50 108
51 108
45 96
57 94
63 87
58 94
52 94
53 96
57 105
51 104
62 100
65 102
67 121
51 129
70 125
74 116
67 130
59 133
63 143
73 157
56 159
66 167
53 167
50 162
57 160
54 162
51 158
52 157
65 158
67 161
61 167
57 166
64 163
61 163
46 165
45 165
65 170
89 171
148 171
181 173
192 173
198 171
172 172
171 167
136 172
113 173
135 171
140 170
129 170
125 170
117 173
109 173
144 172
173 174
181 178
187 174
188 176
176 174
186 172
176 172
63 176
40 174
45 174
44 173
45 175
44 172
41 169
43 165
39 159
44 161
44 160
45 158
42 155
44 153
43 158
44 169
41 180
43 182
48 185
45 190
45 188
46 184
48 182
51 178
49 182
47 182
45 183
53 181
55 181
52 179
51 180
53 182
51 177
48 179
51 177
51 181
47 176
47 178
42 60
47 61
48 65
45 74
44 73
49 87
51 100
52 105
46 107
59 103
89 112
40 102
52 112
71 116
53 110
40 107
39 104
43 104
63 103
65 105
66 92
57 102
59 107
56 110
56 107
57 110
65 122
66 127
66 124
76 130
67 138
68 155
63 162
67 168
74 173
76 170
64 165
70 158
77 160
84 157
76 159
64 163
54 164
41 166
39 164
45 167
44 168
31 170
33 168
43 164
71 167
107 171
127 174
165 172
186 171
192 171
198 172
196 169
149 171
94 172
105 174
127 174
151 178
172 177
187 179
176 181
111 183
125 179
174 176
188 181
188 179
171 179
174 178
189 179
122 177
43 184
40 181
43 179
43 179
43 177
43 181
43 181
46 172
46 167
43 166
45 166
48 162
43 157
45 154
41 154
44 166
48 175
47 182
47 179
48 185
50 189
49 187
52 186
52 178
50 183
49 186
50 185
48 183
46 184
50 184
45 182
52 184
51 179
52 178
50 183
46 182
48 182
53 71
48 69
44 77
40 80
60 75
56 88
60 109
65 116
48 108
71 117
49 122
40 125
54 121
54 121
57 122
64 110
43 115
49 110
51 109
64 105
71 100
69 112
77 111
71 111
64 111
77 116
70 127
80 129
74 133
74 140
85 151
86 166
82 173
89 173
95 171
88 166
80 165
88 161
74 162
74 166
68 164
56 160
64 163
71 165
76 166
76 165
73 167
84 168
82 166
81 170
74 172
76 176
77 172
84 171
135 174
149 175
149 171
150 171
153 174
153 177
139 179
136 179
143 178
148 178
155 179
167 177
178 180
145 181
129 179
170 176
173 179
168 175
177 176
194 177
175 181
61 180
45 179
46 181
47 179
40 175
41 173
43 176
44 176
43 173
45 177
40 178
38 169
40 164
44 161
46 157
42 155
45 159
47 167
48 178
47 179
48 183
50 184
50 186
46 188
46 184
49 183
51 187
48 185
48 184
50 186
49 186
49 182
47 184
46 184
48 184
50 180
46 181
49 68
40 69
37 81
44 84
54 77
62 91
61 122
60 122
55 120
52 129
55 136
60 132
51 127
51 129
61 123
79 124
56 126
50 114
58 122
64 110
66 106
66 110
72 121
70 118
82 122
91 123
94 126
81 125
82 141
83 150
88 160
94 170
88 172
94 169
104 163
107 164
106 164
107 164
101 165
96 163
92 165
92 164
83 161
75 164
76 169
80 170
84 173
83 176
85 176
100 174
108 177
121 172
130 171
141 175
138 175
142 168
143 175
143 174
146 177
149 175
148 180
149 181
147 178
145 178
146 180
147 178
149 185
150 184
150 180
143 180
141 182
147 182
163 179
196 178
192 181
72 180
44 183
43 181
40 184
47 181
45 175
42 175
42 177
42 178
45 177
42 173
44 174
45 171
43 164
45 161
47 156
44 155
43 154
41 168
47 180
48 184
44 187
45 185
46 186
47 188
51 183
48 176
54 185
48 183
48 183
47 186
48 187
49 184
47 189
46 185
47 189
52 187
53 78
39 71
36 88
61 92
50 103
56 102
68 121
71 126
64 130
60 139
45 143
50 135
62 136
58 130
59 129
66 132
53 126
54 124
54 112
52 119
73 121
74 128
78 125
89 126
84 125
93 130
90 129
84 139
93 150
88 158
96 166
99 171
103 167
106 170
109 168
110 167
116 166
116 166
113 168
129 164
131 168
139 165
143 166
143 167
145 168
142 171
142 173
138 173
142 172
144 176
146 178
151 179
152 175
154 172
153 172
151 175
154 171
159 177
159 173
157 176
157 175
155 178
153 184
155 183
151 185
148 182
144 181
149 185
150 183
152 185
154 182
152 179
150 184
142 186
147 181
95 181
32 178
17 178
28 169
45 180
46 182
48 176
44 173
48 178
41 177
44 179
42 173
45 177
43 174
41 170
40 165
45 154
42 150
45 154
45 159
50 177
48 180
49 184
53 185
50 185
49 190
52 187
51 185
50 191
48 194
52 190
54 188
51 185
51 187
52 187
45 180
34 184
60 72
50 85
37 95
61 97
69 107
71 111
61 125
59 133
50 138
44 144
51 146
54 142
56 137
56 137
57 133
55 136
48 134
52 128
66 122
77 121
71 128
75 138
88 137
88 132
91 134
98 137
99 143
99 150
102 158
95 164
98 169
108 171
106 168
110 167
118 169
127 168
127 164
140 165
145 162
157 162
160 163
155 163
154 168
151 172
148 174
147 174
150 175
150 178
147 176
148 175
151 176
154 178
156 176
161 174
162 172
164 170
166 172
166 171
165 169
165 166
164 170
162 170
162 175
163 181
166 184
167 183
164 184
161 182
160 183
157 179
158 182
154 185
151 186
154 188
153 189
151 183
152 183
131 181
76 183
38 181
14 179
20 175
35 174
44 176
46 177
46 180
45 176
43 175
45 172
43 169
41 171
43 168
44 159
46 154
44 155
49 156
50 168
51 180
47 185
47 187
47 184
47 190
48 187
52 189
53 190
48 190
50 191
51 190
43 188
35 185
34 188
35 185
76 71
44 89
44 88
49 102
72 112
68 114
60 130
44 139
41 149
44 145
36 148
43 147
56 144
60 143
62 145
61 140
71 142
58 133
85 134
104 136
102 139
103 145
108 144
107 142
109 144
112 145
113 148
112 155
111 168
109 169
115 171
132 173
125 170
131 169
133 170
139 167
142 165
155 165
159 165
161 163
158 165
155 163
154 168
151 173
150 176
147 180
150 180
148 179
148 176
149 178
153 176
159 175
164 172
168 173
169 174
168 173
172 171
174 173
171 176
170 171
169 172
170 175
171 176
169 184
169 184
168 186
169 183
172 186
171 185
170 185
168 182
166 183
163 185
160 187
157 186
160 184
157 181
158 182
163 182
164 184
148 182
106 177
72 184
29 184
22 183
32 181
45 180
45 183
47 179
46 171
48 165
46 169
41 169
41 157
48 156
43 154
50 154
47 158
49 171
43 176
47 182
48 186
57 190
53 187
47 190
49 189
46 193
39 187
38 190
39 184
39 190
39 194
91 74
69 91
49 96
65 110
66 109
65 122
56 139
43 150
36 153
41 156
35 150
41 154
43 152
62 149
70 148
77 149
79 141
78 142
104 146
119 144
123 148
127 146
130 148
124 143
130 152
131 160
130 165
128 171
127 170
125 172
136 171
142 165
142 171
146 166
149 167
156 164
156 160
160 159
155 161
156 157
154 162
153 167
149 168
147 175
145 181
148 183
148 180
145 181
141 178
152 178
161 172
167 170
170 169
173 171
173 174
174 172
173 174
170 171
169 168
171 171
171 171
171 171
172 181
170 184
172 186
174 187
181 184
183 184
183 190
179 186
177 186
178 187
177 185
172 184
171 181
171 184
174 187
168 187
165 186
162 186
161 184
161 185
161 184
155 186
122 184
68 184
20 183
31 183
43 184
40 178
44 170
41 150
45 165
42 163
43 159
45 158
45 160
47 162
51 161
48 169
51 176
53 182
48 182
48 184
55 179
48 185
44 187
38 191
37 190
31 187
31 192
31 187
99 78
70 84
52 92
62 101
63 109
67 125
58 142
53 152
43 157
37 156
41 153
41 152
51 153
58 153
76 153
89 152
83 144
87 145
114 140
130 151
140 152
140 151
137 157
143 155
142 160
144 167
140 165
142 169
142 170
142 168
146 171
153 170
157 166
160 166
162 163
164 160
164 161
163 157
162 160
157 165
153 166
150 168
151 175
152 179
153 186
151 188
147 187
143 183
145 177
152 172
157 171
164 165
176 167
178 165
184 170
186 171
177 169
167 170
165 168
167 169
168 170
170 173
167 174
165 178
172 186
175 187
178 184
182 187
184 179
188 186
181 185
180 185
177 182
181 185
179 186
176 184
170 187
173 184
176 185
172 185
167 187
170 188
167 186
165 184
161 188
166 185
150 185
97 182
27 183
30 183
39 180
41 176
40 164
45 161
42 163
38 157
46 161
49 161
46 160
49 162
47 168
46 174
52 178
53 181
40 186
29 188
26 185
27 186
25 193
25 194
25 189
25 189
95 88
67 86
43 102
61 102
62 118
50 131
41 144
36 155
34 157
35 157
44 152
42 153
53 156
71 156
86 158
101 153
95 157
107 151
127 152
137 150
140 160
146 162
145 163
147 161
149 168
148 171
146 173
149 166
151 170
154 168
158 164
159 168
162 167
163 165
166 162
165 159
162 158
158 159
160 163
159 162
158 165
152 170
153 175
157 183
156 188
146 191
142 191
140 189
152 175
158 171
169 164
173 165
167 162
178 168
189 171
184 173
170 173
162 169
161 165
161 166
164 174
163 172
167 175
172 178
176 182
180 186
181 188
181 184
181 180
180 181
184 187
183 190
182 187
184 183
185 184
183 187
184 186
183 185
183 181
181 182
180 182
171 188
172 189
173 190
172 190
171 186
170 189
168 188
165 187
101 185
29 180
23 181
44 174
42 173
46 168
47 165
47 159
45 153
44 160
46 164
51 164
53 168
42 171
30 174
24 181
27 186
19 186
21 187
16 192
18 192
19 193
20 191
80 88
72 80
56 85
54 106
48 125
36 136
34 145
39 157
37 162
40 162
54 161
51 155
61 159
79 160
104 156
113 159
114 162
125 156
128 156
136 157
144 161
147 167
148 170
149 171
148 174
151 171
155 173
155 171
159 171
159 171
160 169
167 164
166 166
168 163
168 164
167 163
165 163
165 162
160 165
155 167
154 163
159 173
161 171
159 178
153 186
148 192
144 193
153 182
155 176
161 166
176 162
179 157
178 164
165 163
164 167
159 169
156 168
157 168
161 169
160 171
162 174
164 179
165 174
170 174
171 177
174 177
174 178
176 187
181 183
181 185
179 186
182 186
180 185
181 187
182 185
186 188
186 191
186 187
187 190
187 188
187 182
185 183
181 190
181 189
179 192
179 178
173 179
172 193
172 191
169 190
157 187
91 185
26 183
24 172
21 170
29 170
22 166
28 161
24 154
26 159
29 170
19 170
17 173
12 175
17 176
11 181
13 185
22 186
14 188
17 190
29 193
47 190
75 77
59 76
51 95
67 115
65 132
55 142
36 149
43 153
46 158
57 159
54 157
77 160
87 156
101 154
102 159
106 159
122 157
126 164
133 159
134 160
142 164
145 165
150 171
150 170
153 172
152 173
158 170
157 172
160 170
163 169
161 166
161 166
168 165
166 164
167 163
168 165
166 167
164 167
164 157
161 162
161 162
162 169
161 174
156 182
153 187
145 193
146 194
152 175
169 157
183 152
183 152
176 157
151 156
145 161
143 162
144 167
156 167
161 166
164 171
160 169
160 168
161 172
165 174
165 173
172 179
178 180
178 182
179 181
178 185
183 181
185 183
187 187
188 189
186 189
189 186
190 187
191 191
190 192
190 189
191 192
191 191
190 188
189 189
188 187
187 187
189 188
181 190
184 188
183 194
183 195
175 193
170 188
159 182
133 189
128 176
130 172
113 171
114 163
109 164
105 155
100 161
104 167
108 167
114 169
123 174
135 173
150 176
155 184
158 188
139 190
96 190
39 193
66 83
51 81
47 107
77 126
57 138
43 146
39 152
71 152
77 157
85 160
70 161
92 160
96 160
91 159
93 160
113 161
128 162
131 160
134 165
135 169
145 166
146 172
147 172
153 173
151 173
155 174
159 174
159 167
162 169
164 167
169 167
167 164
165 158
165 164
168 162
167 164
166 167
163 159
159 158
161 156
164 158
162 172
154 180
144 194
149 198
151 192
149 165
159 141
178 136
196 148
186 155
155 160
125 163
131 160
138 161
150 167
160 165
163 169
165 167
162 171
165 168
166 173
165 169
170 173
172 176
174 179
178 179
174 183
173 180
179 184
182 183
181 185
183 188
190 190
191 189
187 187
191 188
190 186
190 192
191 189
194 187
192 189
192 191
192 190
192 195
188 191
193 192
188 198
188 197
190 197
184 198
181 194
174 193
166 183
148 187
153 183
158 177
155 175
159 165
165 159
164 160
163 164
164 166
163 167
160 169
160 168
161 170
161 182
161 182
167 184
173 188
167 184
54 92
52 97
44 120
61 133
54 139
44 143
63 149
81 151
97 153
92 159
72 157
81 157
85 159
90 161
116 160
125 162
125 165
128 166
133 167
136 167
143 168
150 172
152 172
154 173
157 176
160 176
162 170
163 172
165 167
163 168
167 171
168 171
171 163
168 163
168 167
170 168
167 167
164 155
163 153
166 148
162 156
149 167
136 190
139 200
147 192
158 169
163 139
169 126
187 136
188 150
166 159
107 161
83 160
132 161
151 160
157 164
166 167
174 167
173 159
172 163
168 168
167 170
166 169
170 165
176 172
177 177
175 181
177 182
178 184
180 182
182 184
186 184
191 186
192 188
193 188
193 187
190 189
190 189
194 189
195 190
197 191
198 191
196 190
193 192
193 192
192 195
191 192
193 197
188 197
189 198
190 194
189 192
187 194
182 193
171 186
157 186
149 179
155 177
154 174
160 169
165 161
167 161
168 167
168 171
171 169
166 171
166 170
170 175
171 178
170 185
171 188
170 185
47 95
51 110
46 128
53 139
39 142
54 146
85 153
70 153
84 157
71 157
63 155
76 157
85 160
107 160
119 161
123 164
128 164
133 166
140 165
145 163
150 166
150 168
155 168
157 169
158 173
160 170
160 172
164 171
167 170
166 168
165 165
165 164
169 165
166 164
168 165
166 167
166 157
166 152
164 143
166 153
160 164
154 181
152 192
149 195
149 183
146 148
157 125
174 129
183 140
183 152
138 158
101 160
136 165
122 162
134 157
162 161
174 162
184 168
183 164
172 166
171 165
164 171
165 169
165 172
170 170
169 176
169 178
171 184
177 182
177 184
183 185
183 187
186 189
191 190
188 190
186 187
191 190
195 190
195 194
196 189
197 187
195 193
196 193
196 192
196 194
190 196
192 193
194 192
195 193
195 197
192 200
188 199
188 193
185 194
179 191
170 181
162 183
154 178
158 173
159 168
156 162
165 154
171 159
171 165
172 173
176 169
177 166
174 168
177 177
175 181
175 187
172 191
49 100
48 128
61 133
55 138
59 139
67 149
81 150
63 147
66 156
76 160
70 159
78 160
96 161
114 163
126 162
135 168
134 165
134 166
139 166
145 168
148 162
152 169
156 173
158 172
161 171
161 174
162 173
159 170
164 169
169 166
170 161
168 161
168 166
168 166
169 169
170 167
171 162
169 150
166 149
168 158
163 166
162 176
160 185
152 189
148 169
142 121
148 122
171 143
180 153
170 159
106 166
133 163
164 165
137 164
104 162
137 164
179 167
196 160
191 166
176 167
170 169
169 169
164 171
170 169
166 169
170 178
172 180
172 181
174 180
179 181
180 188
184 188
190 186
188 191
189 190
186 191
190 190
191 192
194 192
198 191
198 194
198 189
199 191
199 195
196 193
197 193
196 196
197 193
195 191
194 198
192 198
193 199
191 196
187 192
185 191
181 187
179 188
169 185
155 180
157 173
166 168
164 160
173 155
178 162
180 163
178 166
182 166
181 172
178 170
179 177
175 179
176 185
50 114
52 135
72 142
57 143
74 145
71 142
62 144
52 152
68 157
78 160
66 159
94 162
110 163
124 160
129 164
131 164
128 165
134 167
141 166
146 170
156 170
160 169
159 169
161 168
159 170
163 171
164 170
164 170
167 170
168 166
166 163
167 164
170 167
170 165
171 168
171 161
174 162
171 158
172 139
167 152
167 162
167 167
163 175
156 177
151 134
146 101
150 133
170 148
175 153
158 161
119 170
174 168
186 168
234 165
137 161
134 164
168 166
195 166
189 168
171 169
165 165
166 168
168 168
166 166
171 167
171 173
170 173
170 178
177 177
180 179
183 183
186 184
186 184
190 186
186 190
185 186
190 189
195 190
194 195
192 194
195 194
198 190
200 193
200 191
199 191
199 189
199 190
197 194
195 192
197 197
197 197
192 197
192 195
192 194
190 192
185 191
180 186
177 185
168 177
159 174
158 167
172 164
170 157
174 156
182 163
183 169
184 164
184 163
184 164
184 167
184 172
179 165
43 122
53 131
77 131
64 133
69 136
71 140
58 149
60 157
86 158
84 162
79 161
100 160
116 161
128 162
132 164
130 164
131 162
138 163
144 167
153 169
159 171
160 172
163 170
163 167
163 168
168 173
167 171
169 169
170 167
171 169
169 169
169 168
167 168
168 166
171 168
170 156
171 157
170 150
168 145
168 151
167 161
170 177
159 177
150 162
144 106
142 82
150 122
164 136
169 164
142 164
89 176
126 172
190 169
223 166
187 165
135 165
160 162
181 166
181 166
168 169
168 169
167 169
169 165
168 169
165 172
169 171
172 176
176 178
176 178
176 182
178 187
181 186
179 184
184 185
185 187
188 186
191 190
191 189
194 193
193 195
194 195
199 192
199 189
198 190
199 186
196 194
195 192
197 193
194 196
195 198
196 198
196 195
195 198
193 197
192 195
193 193
189 192
184 191
178 186
169 178
156 173
152 161
169 161
171 155
174 158
182 162
186 168
187 166
192 167
189 170
184 174
185 167
46 119
64 127
79 132
68 138
64 139
71 151
69 157
88 161
91 161
79 160
86 162
103 160
125 160
132 162
132 164
133 167
136 165
143 168
151 168
156 167
157 171
160 174
163 171
167 170
167 172
167 174
169 171
172 171
170 168
171 166
168 166
168 168
166 171
170 165
170 163
173 149
174 155
173 146
172 148
172 159
171 162
167 172
166 174
147 145
132 101
126 105
147 112
161 141
171 152
121 166
89 184
74 179
132 171
229 164
165 160
136 167
157 167
170 168
175 167
168 166
165 167
162 165
169 163
164 165
163 171
169 173
174 175
174 178
177 179
179 180
180 180
182 183
183 185
181 184
186 187
187 192
190 189
193 190
194 190
192 189
192 190
192 190
192 192
194 187
193 187
193 192
193 193
195 191
197 191
197 191
200 193
200 197
201 195
200 198
199 194
195 192
191 191
187 187
177 187
177 180
168 179
153 172
150 161
171 161
179 156
180 158
189 161
190 166
191 174
192 172
195 173
190 177
53 126
75 135
85 144
62 145
77 143
86 149
76 155
83 157
83 159
79 161
98 159
110 162
127 166
136 166
135 162
133 166
133 166
145 167
154 166
159 169
164 168
162 171
166 172
166 168
168 172
169 172
171 173
171 171
170 167
165 168
166 168
163 168
169 166
166 165
170 151
169 151
171 152
173 148
171 149
172 154
173 161
171 161
163 167
144 126
130 111
121 141
147 131
157 123
160 132
92 154
63 174
81 176
97 168
103 166
137 165
134 167
155 166
166 164
165 169
161 170
162 163
164 162
166 162
159 167
165 171
170 173
172 175
177 176
176 177
171 178
170 180
173 179
177 178
178 179
179 182
184 179
185 183
188 188
189 191
190 186
190 186
190 187
192 184
190 184
189 179
191 182
192 188
192 186
198 193
199 192
199 193
199 192
201 196
200 194
200 196
199 195
196 191
191 190
185 187
177 180
177 172
166 171
161 163
152 162
164 158
176 155
179 161
186 162
190 164
191 163
194 169
195 179
61 136
81 140
100 143
71 139
84 140
90 147
83 150
86 153
71 158
78 159
99 162
121 161
131 163
135 165
133 163
137 162
142 164
147 170
152 172
159 171
162 166
166 169
167 173
169 170
171 169
169 170
170 168
169 168
167 168
169 168
168 167
168 163
166 158
172 140
171 144
171 150
173 150
176 153
175 146
169 149
169 161
170 159
163 162
139 113
126 140
117 176
151 167
165 129
156 151
99 151
159 165
54 169
78 169
99 168
124 164
132 166
152 166
158 173
159 175
160 166
161 166
164 167
164 166
158 167
167 170
168 171
169 172
175 174
170 175
169 177
174 178
181 181
178 174
181 181
179 181
184 177
188 182
185 185
185 186
187 186
188 185
186 182
186 187
190 184
191 185
193 183
191 184
195 186
196 187
195 191
196 192
192 189
196 187
203 193
200 190
195 197
195 196
197 192
190 189
182 188
180 179
172 169
167 163
159 161
154 161
167 148
177 155
181 160
191 161
195 161
195 174
195 185
70 138
85 144
107 141
97 141
82 142
93 148
72 153
75 157
92 162
82 163
98 162
129 165
136 167
135 166
137 164
136 167
140 167
150 167
158 172
161 169
164 169
165 169
168 169
168 169
172 171
171 173
170 173
168 171
170 173
169 170
173 170
170 168
169 156
172 147
173 147
171 143
171 155
176 155
177 158
173 157
172 157
167 159
158 143
138 77
125 81
116 145
142 223
164 161
147 120
89 134
85 159
90 167
92 164
97 166
138 163
147 163
153 170
153 166
156 170
154 176
164 168
165 164
160 164
158 167
160 174
170 176
171 172
175 174
175 174
172 177
174 176
174 176
177 176
178 178
180 179
182 179
183 181
180 180
183 182
184 182
188 182
185 184
182 183
182 187
182 188
188 190
193 188
191 186
184 188
179 190
181 191
190 189
195 194
194 187
200 189
196 193
188 192
187 190
188 183
189 178
187 184
176 174
169 170
162 170
154 160
162 157
171 154
178 155
182 158
179 166
188 163
194 168
84 143
98 144
111 141
112 141
88 144
70 150
69 158
67 158
77 163
108 164
105 163
124 165
136 162
138 158
137 166
139 169
143 162
149 164
156 171
159 173
162 172
167 173
167 173
169 170
168 165
170 173
171 173
172 172
174 172
169 172
170 172
173 169
170 165
172 163
172 161
172 155
173 153
175 145
174 148
172 155
171 159
171 159
161 123
136 72
133 66
121 83
140 145
156 160
131 144
77 143
98 160
91 160
90 161
109 161
136 166
152 168
147 172
149 172
151 169
155 166
158 168
163 168
160 165
160 167
162 173
168 173
171 176
170 176
172 176
175 174
173 178
174 175
176 175
177 178
178 181
179 182
180 178
180 171
182 174
182 182
178 179
177 179
180 181
175 178
184 173
189 178
186 184
180 190
167 185
165 189
169 192
179 191
193 188
196 188
194 190
193 188
187 187
181 185
185 183
188 177
184 174
186 183
176 173
163 168
157 165
154 158
166 154
171 154
181 155
188 161
188 168
190 171
105 143
110 142
122 145
89 140
97 143
67 148
57 155
57 160
68 165
95 165
113 164
123 163
141 163
139 161
138 167
139 164
144 168
149 166
158 164
159 173
161 172
165 168
167 171
164 170
170 172
171 174
170 173
171 174
172 170
170 174
172 173
175 169
170 169
172 166
173 158
173 156
170 150
171 135
172 135
173 155
171 158
167 153
162 102
140 62
135 86
124 84
140 76
154 127
125 137
74 127
71 144
77 155
107 160
134 164
133 167
146 170
139 175
149 175
152 174
156 167
161 168
157 171
158 172
159 174
167 171
170 170
172 172
173 172
176 172
177 175
176 178
177 170
174 172
173 175
174 179
177 179
177 177
176 174
179 176
182 174
177 175
176 178
176 179
182 180
188 178
188 184
187 188
173 185
152 186
149 189
162 187
176 187
191 187
198 184
201 189
197 191
191 186
190 186
191 179
185 177
188 177
182 178
185 176
178 171
161 166
153 156
152 155
169 153
166 154
172 154
185 162
188 173
133 147
107 142
144 143
113 146
92 147
80 152
69 157
67 162
78 163
96 163
122 164
129 166
140 168
141 167
137 169
142 173
143 170
149 177
158 180
161 169
158 168
162 171
166 176
165 174
165 174
170 175
171 174
168 175
170 177
169 176
174 175
175 173
167 169
174 169
174 157
172 147
173 145
174 140
173 137
173 155
174 158
170 152
164 100
155 81
139 32
133 85
134 94
154 118
125 149
96 152
142 160
147 150
161 154
143 166
141 169
137 163
145 172
144 170
146 164
153 161
155 166
158 167
162 172
162 173
166 175
168 174
169 172
175 176
177 177
177 166
175 170
174 178
173 173
172 172
171 175
174 174
180 175
180 172
178 174
174 174
168 179
173 180
177 183
180 184
186 185
189 187
177 188
157 190
128 191
151 189
170 188
176 184
180 191
188 187
194 184
198 182
195 183
194 180
195 177
191 174
189 179
189 174
189 173
185 172
175 166
163 164
157 157
156 152
168 154
164 156
173 155
185 164
130 145
130 143
118 144
133 142
90 145
82 157
85 163
92 160
73 161
97 162
122 166
129 167
141 167
145 168
146 168
145 168
147 171
152 171
160 173
165 171
168 173
165 174
168 169
170 171
170 174
167 173
167 171
171 173
170 173
171 175
173 173
172 177
171 176
168 173
174 166
175 156
174 148
172 137
174 140
175 151
176 150
173 142
159 85
148 117
149 49
140 68
144 100
154 117
132 143
94 138
120 149
157 151
156 157
125 166
137 164
139 164
146 164
150 164
146 165
148 160
154 170
161 172
167 175
166 173
171 171
173 169
174 173
177 173
179 169
180 168
178 171
175 171
171 173
172 174
173 174
176 175
177 174
179 173
177 173
174 177
172 177
171 176
174 179
184 181
189 185
188 186
173 187
139 189
116 187
143 185
173 183
183 184
183 182
184 181
188 181
192 180
193 177
192 179
192 180
193 172
188 173
180 179
176 183
179 179
180 166
174 161
159 159
150 153
163 144
176 146
176 149
180 162
110 145
127 145
123 147
113 145
123 153
84 160
78 163
90 165
107 164
103 163
114 164
129 168
139 169
144 169
148 170
145 170
146 172
153 173
160 173
168 176
170 174
169 174
166 168
169 173
172 172
171 178
172 176
171 174
171 177
169 179
168 179
171 178
170 181
171 175
172 160
177 157
176 150
176 138
173 143
175 152
176 149
169 138
167 82
155 51
150 55
138 85
149 78
160 115
145 138
108 154
100 149
119 148
136 157
139 164
134 166
142 164
145 161
144 160
144 162
146 167
156 170
161 172
164 174
167 174
171 173
172 170
179 166
180 164
181 167
178 167
178 166
177 163
177 168
173 169
175 171
178 170
173 170
175 172
175 176
171 176
166 178
167 182
171 183
187 182
191 180
194 184
178 181
141 185
110 189
136 185
168 183
185 177
185 179
184 183
186 182
189 178
190 175
189 178
191 177
190 170
187 169
184 172
182 172
184 173
183 172
182 161
174 159
160 152
152 155
169 152
176 155
176 162
94 143
109 143
113 147
103 148
95 154
116 159
90 166
75 165
86 168
99 165
110 166
132 167
138 168
146 169
142 172
145 173
147 172
157 173
162 169
168 170
171 165
168 167
167 171
168 174
171 178
173 182
172 181
172 176
173 175
168 172
169 170
174 180
172 182
175 174
178 155
177 137
177 128
176 131
177 147
177 147
176 145
174 130
171 83
167 96
160 92
152 85
159 91
162 128
154 123
126 128
104 143
93 140
121 149
121 164
146 164
148 157
142 160
134 164
140 158
150 167
160 167
166 164
168 170
167 172
170 171
180 167
184 162
187 168
183 167
179 164
176 166
174 167
173 167
175 169
177 171
182 171
178 171
168 173
171 176
171 176
169 175
169 176
175 179
183 178
187 180
194 176
183 178
145 175
117 180
132 182
157 181
184 177
191 178
187 181
187 181
195 181
196 172
192 167
191 168
192 170
185 163
187 164
183 175
178 173
185 181
185 174
179 163
174 161
154 147
161 145
171 149
178 157
81 151
101 146
111 149
81 149
83 159
75 166
94 167
98 167
83 164
93 166
110 169
121 169
135 171
144 171
145 172
148 172
159 174
167 170
171 173
171 170
170 168
169 173
170 176
168 175
170 173
172 174
176 172
174 179
178 181
172 179
171 186
174 186
175 188
176 181
178 163
177 137
179 123
181 117
183 144
179 141
178 142
178 113
173 51
167 49
163 56
158 77
161 119
164 142
155 131
144 134
114 134
118 140
129 154
125 153
144 160
145 160
135 156
135 165
143 164
155 164
161 174
168 168
170 170
170 176
180 171
183 168
190 169
186 172
179 172
175 171
172 167
173 167
171 169
173 170
178 169
180 167
177 169
175 173
170 177
167 176
168 177
171 178
177 178
181 175
184 175
193 176
174 173
135 172
117 167
128 164
146 168
173 171
189 174
192 169
189 177
190 174
193 169
192 162
189 161
191 168
187 174
186 165
188 158
189 167
190 178
190 170
181 167
177 156
160 153
150 147
173 148
179 151
107 148
80 147
85 146
94 153
68 161
81 169
86 169
96 169
103 166
91 168
98 170
120 171
133 173
143 173
148 172
153 173
161 172
165 170
169 169
172 171
171 176
176 168
175 169
172 171
171 176
173 179
174 175
171 178
176 183
172 179
176 188
176 189
176 185
178 174
178 163
180 133
182 121
182 117
181 145
178 144
178 141
174 109
171 78
170 93
167 106
161 134
159 158
169 150
162 127
148 132
142 132
121 137
97 154
112 159
130 153
128 157
133 161
141 170
152 166
155 165
160 168
164 171
169 169
173 170
180 173
188 170
183 168
170 165
166 170
165 164
162 163
166 163
166 166
154 165
142 162
166 165
163 172
159 173
160 175
159 176
162 174
167 171
172 171
178 171
184 171
186 173
156 172
123 170
112 167
131 165
142 163
160 171
185 175
188 176
190 173
193 174
193 176
190 168
187 163
188 166
187 160
184 165
186 160
184 162
188 173
189 170
186 167
175 166
165 154
152 144
165 148
177 152
95 150
93 146
80 148
74 154
77 167
69 185
69 180
86 176
86 173
104 169
102 170
127 172
136 174
145 176
147 176
155 172
159 176
165 175
172 170
170 180
169 176
173 172
171 176
171 176
173 181
176 180
176 182
174 183
174 185
177 181
174 178
181 184
183 182
184 174
185 159
184 132
186 123
182 111
182 146
183 149
181 139
178 100
176 119
171 147
166 159
162 163
166 160
175 138
173 130
163 130
160 130
168 142
148 146
140 149
131 154
131 156
137 162
145 169
154 165
162 167
166 172
167 173
169 173
173 170
178 170
171 170
156 169
151 168
151 165
152 165
160 162
168 162
178 161
180 164
135 165
140 166
151 173
151 176
153 174
152 170
159 173
168 167
174 163
179 164
183 169
185 171
147 174
121 170
105 165
128 162
143 162
152 165
174 173
184 176
182 176
187 180
190 175
190 172
188 170
186 167
183 161
180 165
181 159
181 160
184 163
190 181
188 177
182 167
170 161
155 146
153 141
172 147
80 149
94 148
80 150
73 153
69 168
81 179
73 173
84 173
97 168
91 171
109 172
123 171
130 177
141 178
150 179
153 176
165 176
174 176
180 174
179 174
176 172
176 175
174 176
173 175
172 177
176 177
180 173
178 180
175 184
179 187
179 183
181 183
189 180
187 170
190 153
189 134
184 124
187 113
191 130
191 140
183 136
180 88
172 104
171 146
166 155
163 157
172 152
179 132
181 122
174 118
178 127
165 141
161 151
146 152
133 156
131 163
140 163
151 163
157 166
164 166
168 169
167 165
171 166
176 167
170 170
156 175
149 167
145 168
151 171
155 164
163 160
178 157
195 159
191 161
157 165
143 168
160 175
154 173
153 168
152 169
160 170
168 168
172 164
176 172
181 173
171 172
147 166
115 159
104 151
131 152
143 158
151 164
169 167
180 172
183 173
183 175
189 178
191 174
186 172
184 170
182 159
172 158
174 167
184 166
182 169
185 165
185 170
181 173
176 162
163 155
149 142
166 143
57 150
76 144
83 145
75 156
71 174
68 187
80 186
86 174
89 174
95 169
107 172
127 179
136 176
146 173
154 178
168 179
178 179
182 184
178 184
177 177
173 181
174 181
176 176
178 180
177 181
177 183
179 185
179 186
180 186
186 188
185 184
189 183
187 180
190 167
192 148
197 134
195 124
195 119
190 125
191 139
187 131
183 91
179 80
172 128
174 134
173 134
165 133
181 128
182 121
184 119
174 126
162 138
149 139
142 144
142 156
145 161
148 162
156 159
160 159
167 169
168 168
170 171
169 173
171 171
166 169
157 172
149 169
148 171
154 163
166 160
172 152
183 153
188 157
153 165
146 171
150 172
164 174
160 178
156 171
152 170
161 169
163 171
165 172
167 171
172 171
165 168
142 158
107 130
103 124
122 146
138 156
150 162
167 166
183 168
183 173
184 173
187 176
191 175
186 171
179 169
179 167
172 156
167 154
174 152
187 147
188 162
186 169
181 171
175 163
165 161
153 146
161 144
55 151
58 150
69 152
75 160
72 175
79 190
79 192
84 183
102 175
101 173
112 173
129 176
141 174
153 180
166 180
175 180
185 180
183 183
180 180
181 181
181 184
175 180
177 179
178 179
184 181
181 180
190 178
185 185
183 190
185 184
189 183
188 180
189 176
190 166
189 149
198 132
197 130
192 124
194 129
191 134
186 129
180 96
181 78
180 103
178 128
176 125
175 111
186 112
191 115
186 117
180 132
170 136
162 142
154 152
157 155
156 160
159 160
163 167
164 166
169 164
167 168
171 169
169 168
170 171
166 167
157 165
151 165
154 165
161 159
168 154
176 153
183 155
170 159
119 166
143 174
156 174
165 176
165 172
157 161
159 163
162 169
166 168
165 171
166 175
169 170
157 160
140 141
95 110
96 118
120 143
135 160
147 168
159 162
176 169
183 167
178 171
180 174
185 176
184 171
183 169
178 168
171 161
166 151
166 151
170 153
177 163
181 168
182 171
171 169
169 165
162 149
152 145
66 151
81 151
62 152
64 158
71 174
77 189
92 193
101 188
98 173
102 168
121 168
139 176
144 174
156 180
167 182
176 178
189 182
183 180
182 178
183 178
184 179
177 183
180 179
177 185
180 185
184 182
187 187
184 186
181 185
185 186
185 187
187 184
187 178
188 169
188 148
193 130
193 143
194 123
193 123
188 133
188 130
182 91
178 94
178 82
177 98
178 117
180 119
188 113
192 116
184 122
178 131
174 133
171 140
164 150
161 159
162 158
163 165
165 169
170 167
167 169
166 167
168 166
169 169
170 170
168 168
163 162
159 163
161 156
160 155
166 154
175 153
178 156
169 166
141 172
165 176
167 176
169 177
167 172
168 168
167 168
164 173
162 172
159 170
162 170
163 168
158 151
142 132
98 101
103 117
124 139
136 158
146 168
152 170
170 164
182 165
179 169
177 167
179 172
179 171
179 169
175 161
169 162
167 160
169 145
167 148
164 151
176 160
182 167
170 176
163 169
155 150
145 138
86 156
78 152
73 155
75 159
77 165
83 173
88 188
88 189
105 182
107 176
131 183
143 175
156 175
169 178
176 184
189 183
186 184
182 182
183 184
179 184
183 189
178 183
183 186
179 186
184 186
182 188
182 181
180 180
178 185
182 183
181 184
185 182
179 177
191 169
187 147
188 133
196 143
197 133
195 127
189 132
186 138
182 113
181 95
177 99
180 103
178 120
180 110
182 115
186 114
181 122
178 126
178 129
177 139
168 145
165 153
164 157
164 164
163 167
167 166
166 168
165 171
165 170
170 169
168 166
161 165
157 162
160 156
161 159
164 153
171 153
178 159
179 163
168 170
169 174
161 175
165 175
172 171
173 168
168 171
165 169
163 166
162 172
151 170
151 173
162 168
154 152
147 129
113 95
101 111
118 139
134 159
144 171
149 163
165 166
175 166
176 170
175 172
174 173
175 171
175 164
171 163
164 157
165 154
167 153
164 151
162 153
172 159
178 164
177 156
167 161
165 154
155 144
80 157
83 151
100 150
95 156
95 160
98 174
113 183
114 187
107 186
112 181
125 177
149 181
165 179
171 182
178 177
182 181
186 182
188 188
187 187
185 184
181 182
176 191
178 183
178 183
180 187
183 188
185 192
184 191
184 189
182 184
183 181
186 180
183 174
188 165
196 156
194 131
194 135
190 147
191 130
191 137
187 135
184 120
180 88
182 105
183 99
183 112
179 109
178 117
177 122
178 125
178 126
174 134
166 140
165 143
161 154
162 162
166 166
163 163
162 164
160 168
163 168
166 166
168 167
165 168
157 161
147 159
161 159
162 157
165 159
168 160
178 160
193 166
195 174
172 171
166 167
155 174
168 172
172 166
168 165
167 160
164 157
159 171
149 176
146 177
154 176
148 163
140 138
112 102
98 113
116 136
129 158
144 172
148 169
164 164
174 166
171 168
173 169
174 172
173 169
172 169
166 160
162 152
161 154
163 159
165 157
167 154
168 160
169 165
173 167
168 166
163 157
152 147
74 156
78 149
83 151
96 154
101 163
112 176
121 178
127 185
117 184
114 184
126 179
147 181
163 179
169 184
170 178
172 179
179 184
191 187
194 186
183 185
181 189
182 185
184 185
179 185
183 188
185 187
186 186
185 193
186 193
183 186
184 185
188 182
190 175
192 165
193 150
192 144
191 147
195 140
197 142
192 139
187 136
179 124
178 105
179 95
181 112
181 97
180 105
180 112
179 123
175 124
170 131
166 134
163 142
161 149
164 154
161 163
160 167
162 165
164 164
165 164
164 166
168 168
172 169
163 168
162 163
159 156
162 155
166 155
168 152
165 154
170 163
179 170
199 177
193 174
177 168
167 167
168 166
179 162
172 161
169 161
175 167
163 170
144 174
141 179
146 179
149 161
136 135
111 102
94 110
114 135
127 156
144 173
148 169
160 166
172 165
169 167
163 173
165 171
167 170
166 168
164 162
159 161
160 158
165 155
165 152
167 154
169 159
169 158
170 154
169 156
162 159
151 147
65 140
72 149
86 148
93 149
105 154
115 169
106 189
102 188
109 184
115 180
134 172
144 169
155 174
166 173
176 178
187 180
192 180
198 184
194 185
186 184
182 183
180 188
184 185
179 189
186 187
185 191
187 185
189 186
186 189
185 194
186 187
183 187
185 180
193 165
190 148
192 139
183 147
191 143
191 138
188 146
185 140
177 122
176 113
181 104
177 110
181 121
182 109
180 118
182 122
181 131
181 131
182 138
179 146
172 154
174 158
172 159
173 166
167 167
164 167
166 169
169 169
168 172
169 169
167 163
167 157
166 154
171 149
180 154
177 150
177 151
195 167
180 175
180 172
188 175
183 172
179 172
180 169
182 168
180 165
178 168
178 168
168 172
148 174
138 179
146 182
149 166
140 127
110 107
85 120
106 136
121 151
138 179
149 183
154 171
166 169
165 168
164 171
168 175
164 169
164 163
162 163
158 157
155 152
156 152
158 151
162 152
166 158
172 157
173 160
167 164
163 160
151 147
71 149
77 147
80 151
91 153
92 159
88 168
96 178
99 188
112 184
130 179
133 173
147 171
156 173
168 180
183 180
186 180
189 182
192 181
193 184
186 184
181 180
178 193
183 185
182 185
182 185
182 190
185 187
185 184
184 187
185 190
188 192
184 188
188 176
187 164
192 159
193 147
189 145
191 150
192 152
192 150
185 142
183 122
180 113
179 118
173 116
168 129
169 140
170 137
171 134
171 127
174 134
177 139
184 147
190 152
191 158
192 164
194 169
180 167
171 166
171 172
173 171
174 173
171 168
173 164
179 162
180 156
180 157
181 159
181 162
182 150
205 158
192 168
181 174
185 173
183 175
180 167
177 165
174 164
172 161
170 165
170 169
168 173
150 170
142 175
145 174
146 148
137 115
117 102
85 118
112 135
123 149
132 175
141 186
154 177
173 170
169 168
165 169
169 168
167 169
163 165
160 161
155 158
155 152
153 154
160 150
162 152
164 156
168 155
168 159
164 163
160 164
155 150
62 155
60 151
73 149
80 158
79 167
81 169
95 181
106 182
118 176
131 179
132 175
147 174
158 177
165 180
178 181
185 178
183 180
188 186
187 185
180 180
179 181
178 185
180 185
177 188
181 187
182 191
183 187
182 187
183 191
182 191
185 185
184 179
186 174
188 166
181 160
188 156
188 150
188 153
191 154
189 154
182 149
180 129
178 111
181 114
178 143
177 154
173 153
170 139
169 128
167 131
168 134
173 144
184 152
183 162
173 158
174 164
176 164
177 171
171 169
173 175
179 178
178 174
176 164
175 160
179 158
182 161
182 161
182 160
179 160
175 150
183 134
177 149
177 158
180 161
175 162
172 165
159 165
162 166
164 163
168 168
171 171
169 173
157 171
147 170
156 170
146 140
140 108
126 101
93 120
109 135
139 145
137 174
138 175
149 176
170 171
173 170
169 170
167 170
164 164
165 163
161 160
150 156
154 154
153 159
155 160
159 158
163 154
167 155
170 153
166 161
161 158
152 153
84 148
74 149
76 155
79 160
88 162
102 172
115 179
112 182
110 177
118 179
130 173
147 175
160 174
165 176
168 177
172 184
178 180
184 183
180 183
183 180
182 179
178 184
176 187
177 188
179 186
182 185
180 190
181 190
179 190
178 186
179 182
179 182
180 176
183 170
187 165
187 157
187 149
185 152
184 152
185 155
181 156
179 144
179 114
182 114
179 134
175 153
173 153
173 134
168 124
171 129
166 137
163 147
175 155
189 160
187 164
183 169
176 168
173 171
169 173
164 178
173 177
180 172
175 167
179 157
180 156
178 159
177 164
180 163
175 159
177 162
175 134
182 130
186 143
164 144
162 151
149 159
149 161
164 157
165 163
157 167
162 169
163 173
160 173
155 174
160 164
148 133
143 100
119 98
86 121
109 134
130 143
136 159
135 178
148 169
172 168
174 170
173 171
172 172
165 168
163 165
156 164
154 156
150 150
151 157
155 159
155 155
163 156
165 147
169 157
161 160
157 158
150 161
52 141
61 146
67 148
73 158
79 163
98 167
100 167
100 176
112 173
118 177
125 175
144 175
157 177
166 174
168 174
174 180
179 180
182 180
180 181
179 178
176 180
176 183
176 177
179 179
179 181
181 186
178 183
174 184
173 184
178 180
180 177
180 178
178 173
181 172
189 166
187 158
186 161
184 157
188 154
182 155
181 160
180 162
184 157
178 128
179 118
175 119
177 119
178 122
169 130
163 134
163 142
161 151
161 160
173 162
178 164
176 167
178 170
177 173
174 176
170 179
171 176
174 162
174 148
177 150
181 158
180 163
176 163
174 164
178 170
177 169
176 151
185 114
177 143
155 147
153 148
145 148
154 153
159 159
155 164
153 170
153 173
158 173
156 177
153 174
156 151
148 123
144 93
120 94
84 120
99 131
123 140
135 160
133 169
146 171
169 166
177 162
176 167
171 169
167 169
163 162
160 155
154 150
154 151
155 150
154 156
159 160
161 156
164 159
162 154
161 154
156 158
145 159
74 135
75 143
69 149
68 150
82 158
84 167
92 172
101 175
97 173
110 175
124 175
143 174
160 174
166 172
172 174
184 177
183 178
184 175
183 178
175 177
174 175
174 177
172 176
175 183
178 178
177 172
175 178
173 179
176 179
177 184
178 180
181 175
180 174
179 167
177 165
180 159
181 155
177 153
182 151
177 154
176 164
177 174
178 181
181 169
174 141
173 133
174 136
178 138
171 140
165 143
157 146
150 157
146 161
151 163
159 172
160 168
163 164
167 170
168 176
168 180
168 170
172 156
174 148
174 152
178 160
175 160
172 162
175 166
172 181
175 182
175 170
166 118
157 149
142 152
143 143
150 147
159 147
161 151
155 163
155 167
152 172
155 177
161 179
161 168
162 149
152 122
144 88
114 100
85 125
103 133
120 137
132 151
136 167
149 170
170 171
172 164
176 166
175 171
169 168
164 161
164 156
159 154
154 152
153 150
152 151
155 154
162 159
161 156
159 159
156 151
148 150
143 151
71 143
79 148
80 151
83 157
86 165
101 171
102 169
93 175
95 173
113 174
134 179
156 177
161 171
169 172
172 173
185 177
188 177
186 175
187 178
180 177
177 176
177 181
175 180
174 178
171 179
175 180
174 176
175 180
176 186
177 178
177 181
177 177
180 175
177 171
178 170
175 162
176 156
175 157
175 151
174 156
173 168
173 181
173 192
174 188
168 176
165 159
170 153
174 150
172 148
166 147
159 151
147 155
140 161
139 166
139 169
146 171
157 170
162 174
162 178
164 179
164 164
164 153
168 147
170 150
172 152
171 153
169 162
168 176
170 185
173 185
170 176
160 134
152 140
122 148
143 148
145 146
151 149
151 153
150 159
151 169
150 171
151 173
160 174
164 160
166 146
155 118
139 83
114 99
81 123
96 135
118 140
128 145
136 168
151 174
168 169
173 169
173 171
171 171
170 167
164 165
159 158
154 151
152 144
150 149
149 148
156 145
163 146
160 153
154 158
153 154
151 151
145 151
67 142
74 150
87 155
82 161
82 165
88 170
89 171
106 178
112 176
124 175
144 175
163 174
180 172
179 168
186 171
191 177
197 181
191 175
188 176
183 176
177 182
176 179
176 176
173 174
172 174
176 174
175 180
174 178
173 172
171 176
176 177
181 180
177 172
179 169
175 168
174 166
175 156
176 149
171 155
171 152
171 161
171 178
167 196
169 187
170 178
160 171
159 165
172 158
175 157
168 158
158 157
152 164
142 164
130 169
126 169
136 169
143 171
146 176
152 177
162 169
164 161
169 153
168 151
171 149
172 155
174 156
170 164
168 173
169 187
170 185
168 170
168 136
157 146
94 153
121 151
139 148
144 146
147 151
146 159
147 162
161 163
165 163
169 163
166 151
166 144
166 114
142 86
115 110
88 132
99 143
117 141
131 148
143 155
154 167
164 164
167 164
172 161
173 164
169 163
168 155
165 150
161 151
154 148
147 149
154 150
162 148
167 143
164 150
152 157
148 153
145 151
141 153
64 145
64 151
79 153
86 159
92 166
99 169
111 168
117 175
108 175
124 172
142 174
162 174
166 172
172 174
186 176
190 177
199 176
196 174
190 173
180 175
178 178
175 177
172 177
173 172
174 171
175 175
172 173
174 176
176 177
173 174
171 176
174 173
174 171
173 172
174 172
169 169
170 164
170 161
170 158
167 158
171 164
171 175
171 190
166 195
161 183
159 175
159 166
166 163
168 162
163 164
161 163
142 165
131 163
125 168
117 171
127 172
141 173
140 169
143 170
150 167
154 157
159 151
164 147
168 147
168 150
166 152
170 163
169 173
167 189
163 166
164 140
167 144
176 145
169 152
133 155
130 146
148 145
151 145
151 155
153 158
158 160
161 161
167 156
169 147
170 140
171 113
148 84
113 107
94 127
106 136
124 144
138 143
152 156
158 164
161 164
168 161
173 157
175 159
174 161
165 157
166 155
160 151
155 147
155 147
163 148
169 146
170 145
160 149
148 155
146 160
138 152
140 149
88 153
93 150
85 158
86 164
84 167
94 169
91 169
91 172
101 176
119 177
133 171
157 173
163 169
165 168
173 176
187 178
199 180
193 176
190 177
184 179
177 177
176 174
174 172
173 173
174 173
175 173
175 172
174 175
171 175
172 175
172 178
174 175
175 177
173 172
176 173
176 172
172 165
168 165
165 165
166 164
168 170
170 179
167 180
156 182
149 182
151 178
155 171
162 169
159 170
143 169
133 166
122 166
116 164
139 167
121 165
115 172
126 172
142 174
145 173
148 169
146 160
148 149
155 146
159 149
157 157
147 157
155 169
167 179
164 188
161 131
159 132
166 152
173 153
176 157
153 154
135 153
157 149
156 154
162 158
164 160
159 162
153 160
165 152
167 141
173 141
173 108
157 88
119 117
92 138
100 144
119 147
139 146
152 150
157 163
164 160
168 160
175 157
176 152
173 161
171 155
167 150
164 147
158 147
164 146
170 146
170 146
165 148
155 149
151 151
142 155
135 156
142 152
68 153
67 154
68 156
67 164
78 167
86 179
84 175
81 175
100 173
114 177
127 177
145 174
160 173
168 169
172 174
186 175
197 177
195 175
184 171
180 174
174 172
179 171
173 173
173 175
175 170
176 173
174 173
174 172
175 170
176 175
175 177
172 176
174 172
170 171
176 173
173 173
172 173
168 171
168 168
167 170
164 170
167 176
163 174
138 173
134 174
133 181
148 176
155 171
144 169
116 165
107 172
132 172
120 171
141 170
143 171
125 170
120 172
131 164
145 174
146 168
148 158
149 151
146 150
156 156
166 162
168 166
161 174
159 179
164 182
164 113
158 136
160 151
161 151
159 152
127 156
141 157
157 162
162 157
165 158
162 153
162 152
157 160
159 147
169 145
172 140
177 117
168 88
125 111
91 133
100 141
123 147
140 147
159 148
165 161
170 160
176 158
174 157
177 159
173 156
167 157
172 149
164 146
155 145
166 148
167 150
167 147
167 146
158 153
144 152
137 151
132 149
145 149
71 156
69 154
72 157
75 161
73 165
76 173
70 173
77 177
90 176
104 175
121 168
138 170
159 166
176 169
172 171
185 173
195 175
199 172
195 168
187 170
173 175
177 170
175 170
174 170
171 174
174 179
170 171
171 172
172 175
174 174
175 172
172 174
176 173
175 173
174 173
175 170
175 173
175 167
166 168
163 168
166 170
166 175
156 174
127 176
127 179
130 178
145 174
149 172
126 169
115 169
111 171
116 170
115 173
146 170
152 167
134 168
136 172
126 170
141 168
149 166
153 159
153 156
155 153
153 159
163 162
171 170
178 181
173 185
165 178
161 120
161 147
156 151
151 149
135 154
140 157
161 152
169 152
168 152
167 156
169 158
160 154
163 155
171 150
173 140
176 143
178 123
175 89
144 110
103 126
108 136
125 140
149 142
165 147
168 154
172 154
175 155
173 157
178 157
176 152
172 150
169 147
169 146
164 143
161 146
169 148
171 148
166 153
155 150
145 151
131 156
138 152
145 148
75 156
70 149
56 149
58 159
58 172
60 180
62 178
69 178
88 174
95 172
107 170
125 171
147 172
163 169
171 174
176 177
195 177
200 172
183 171
181 173
176 170
176 174
176 166
177 168
174 176
174 181
174 173
174 172
172 172
171 173
175 171
175 173
173 174
172 175
174 173
174 169
173 173
170 175
167 174
165 178
164 178
168 184
150 180
120 177
117 175
129 174
145 171
143 169
113 171
113 167
131 165
142 164
120 170
134 169
140 170
141 165
143 170
141 171
132 172
144 169
150 162
152 159
159 158
158 163
164 165
172 172
174 177
176 181
176 182
172 137
168 158
161 160
159 153
165 159
172 160
178 156
184 151
183 151
183 157
177 158
174 151
168 154
164 153
169 141
174 137
177 119
178 93
155 106
108 121
114 134
134 143
156 143
170 144
175 155
176 154
179 149
178 145
175 150
171 149
169 144
170 145
165 146
167 150
166 147
166 149
164 148
163 148
150 154
138 158
128 152
139 147
148 145
66 154
53 151
55 147
53 162
56 169
65 184
74 179
74 180
81 176
86 173
106 171
123 171
138 171
154 170
160 173
165 174
188 177
193 175
188 174
179 171
175 173
176 175
173 172
178 169
174 173
172 173
172 169
176 170
173 168
171 174
172 171
173 168
174 170
176 172
174 169
172 171
175 173
170 173
166 174
165 170
167 177
164 188
149 188
120 182
108 170
126 164
145 165
139 162
97 160
122 164
144 165
149 165
134 168
139 166
134 165
140 169
142 163
148 172
142 169
140 166
150 165
155 162
157 161
156 164
159 162
162 168
165 183
175 181
178 171
176 133
174 161
174 168
175 155
176 155
179 159
180 156
183 158
186 163
185 155
184 154
179 152
173 144
173 148
177 135
179 130
182 110
176 86
157 99
114 118
119 131
142 138
161 145
174 149
172 162
173 156
176 152
174 151
174 152
171 146
171 152
173 152
169 148
166 146
164 150
164 147
158 147
146 146
138 151
128 150
135 154
146 150
144 149
57 161
51 162
47 171
49 167
61 179
74 181
95 181
85 179
84 173
78 173
96 175
120 168
133 170
143 172
154 170
167 169
185 173
186 174
184 173
179 172
175 169
175 173
176 174
173 172
176 171
170 173
173 172
172 169
176 169
175 170
175 174
176 175
173 173
177 170
174 168
177 169
176 170
175 173
171 168
169 170
169 179
165 185
140 182
122 188
107 188
117 181
143 168
134 163
108 156
165 161
177 168
168 164
146 163
136 163
140 165
137 164
141 170
147 170
145 166
145 164
147 163
156 166
159 165
160 165
161 163
161 168
168 187
172 188
172 178
172 149
175 130
176 169
176 167
180 170
181 167
181 156
184 159
184 161
183 161
184 151
183 143
179 137
171 141
176 135
179 126
180 109
177 77
155 99
123 119
129 129
146 137
168 138
172 143
176 154
180 147
182 148
182 151
172 151
167 152
169 150
169 155
166 151
165 155
164 154
154 152
148 148
146 155
128 155
125 157
142 152
143 144
144 142
61 155
50 159
43 167
55 168
68 185
93 187
99 183
104 186
96 175
82 172
92 172
120 172
128 171
137 166
152 171
161 172
167 175
178 174
182 175
178 174
177 173
177 172
175 171
175 173
173 172
173 171
174 168
173 173
173 173
173 173
175 171
176 173
174 171
179 167
176 170
172 172
175 174
174 169
172 168
171 164
168 168
162 173
145 177
121 183
112 189
124 191
147 192
135 188
108 175
143 164
158 162
183 158
174 159
139 158
147 164
135 163
141 165
143 167
147 162
149 157
147 156
152 160
159 164
163 161
160 160
163 169
157 185
166 196
172 182
172 173
174 131
175 160
176 174
175 171
178 169
177 164
182 164
185 166
186 163
186 156
184 143
178 139
177 143
174 137
177 127
180 111
178 82
163 88
140 113
143 127
157 131
164 136
174 144
176 149
179 155
180 151
172 154
172 154
170 150
168 157
164 159
162 159
163 154
160 151
157 151
142 147
128 150
122 158
136 151
143 152
147 145
148 137
62 156
59 173
45 187
56 188
76 194
92 196
101 189
115 178
101 177
92 175
88 175
109 173
126 170
132 167
141 168
158 175
160 171
167 171
178 173
175 172
174 173
176 172
173 174
173 171
175 170
173 170
171 172
171 168
173 169
173 170
175 173
179 168
176 168
176 169
177 171
177 171
176 162
175 160
169 164
170 157
168 160
165 164
144 169
128 179
119 181
132 184
152 183
129 190
65 194
86 188
85 175
115 169
183 167
158 165
136 165
140 164
144 166
147 165
149 163
151 157
152 146
151 160
155 162
161 162
163 164
162 168
164 179
167 198
173 189
174 181
178 171
175 159
175 179
177 173
177 167
178 164
182 163
186 161
187 161
187 156
183 147
183 139
179 145
178 140
179 128
181 111
180 86
171 102
156 120
156 123
165 125
174 130
177 146
178 152
176 159
174 151
169 155
170 157
171 157
166 158
160 156
158 155
156 154
152 155
145 151
132 158
123 166
130 164
138 163
142 146
143 139
145 133
52 158
55 166
49 187
53 200
81 202
93 199
93 187
104 180
101 185
101 175
100 171
106 174
120 170
131 172
132 172
148 177
159 174
163 174
170 171
170 170
168 172
173 170
176 173
174 173
174 168
177 169
175 172
172 166
169 169
171 170
171 171
173 170
173 169
177 173
175 170
177 173
176 173
176 171
175 167
174 158
172 150
164 160
147 163
121 178
113 190
138 188
154 178
134 167
86 176
123 182
81 190
98 182
129 173
139 171
134 168
143 168
147 171
149 169
150 158
153 159
158 157
155 170
153 169
162 171
164 169
167 161
163 157
167 179
166 198
167 194
175 184
175 179
177 174
177 163
179 167
181 162
182 166
183 164
185 160
186 154
184 144
179 141
182 150
180 139
180 129
182 114
181 82
181 94
168 120
161 129
159 127
174 129
180 140
181 152
176 159
172 156
167 156
171 158
168 160
164 164
158 165
158 167
151 156
141 153
137 157
130 154
128 160
141 164
142 156
146 148
148 140
152 131
47 151
51 170
43 187
53 189
85 197
94 196
95 187
101 182
104 177
99 175
96 174
97 171
116 173
129 170
134 171
134 173
148 170
157 172
167 175
172 168
172 172
172 171
175 173
170 173
173 170
174 173
170 167
171 169
170 171
172 169
171 171
175 168
177 171
175 173
176 173
175 178
175 181
177 176
175 173
169 164
167 159
162 155
153 157
133 165
119 177
142 188
157 197
138 190
67 171
140 171
95 172
102 167
108 165
132 169
135 173
148 175
148 172
148 173
151 169
150 172
154 175
152 174
155 186
158 182
161 179
162 193
166 199
168 170
168 179
170 181
173 175
175 176
172 168
175 149
178 162
177 165
176 159
173 163
180 160
183 158
183 150
178 152
177 153
179 141
179 131
179 113
181 83
180 94
181 105
178 120
174 126
174 133
178 141
173 154
171 159
171 160
165 159
163 158
163 160
158 162
154 162
152 160
141 153
131 149
123 148
123 159
133 167
140 163
146 158
146 145
151 135
146 125
50 148
47 158
52 166
55 186
93 189
99 191
97 186
93 179
99 172
99 169
109 169
96 169
106 172
123 172
135 171
133 171
139 171
153 168
162 165
167 166
171 170
174 169
172 171
168 170
171 170
171 176
173 172
171 170
173 168
171 168
178 171
174 173
176 170
173 168
175 175
179 178
177 181
178 180
174 177
172 168
166 156
161 147
149 143
136 146
125 161
132 171
154 174
149 185
73 181
41 174
51 174
71 164
91 161
125 162
128 169
150 171
155 174
151 173
149 172
148 178
157 180
160 183
156 185
159 183
161 178
161 186
169 202
170 177
173 172
170 177
174 173
176 171
179 163
179 136
177 146
183 157
183 147
179 155
181 154
185 159
186 153
186 154
187 155
180 143
171 130
174 114
178 79
181 90
180 105
179 112
174 126
180 132
182 143
178 150
175 160
171 159
165 158
166 157
157 160
155 162
153 167
143 162
136 154
131 145
129 147
135 163
140 170
140 165
146 156
152 139
148 131
159 123
58 146
47 154
57 167
58 178
83 187
104 184
92 184
89 177
91 171
93 172
91 170
100 168
100 167
118 166
133 167
136 171
137 168
146 166
156 167
162 172
171 169
167 171
172 169
170 168
169 173
171 169
171 172
170 174
174 174
173 173
171 172
174 172
173 170
176 172
176 175
177 177
174 178
175 182
175 170
176 164
171 151
167 146
152 143
135 144
131 139
137 149
155 165
152 169
79 170
73 171
115 169
175 167
142 162
124 166
127 168
154 172
163 170
161 168
152 173
155 180
157 177
157 174
156 180
161 177
163 172
168 173
170 171
168 168
171 170
171 171
171 175
177 163
179 147
179 130
180 132
180 141
183 147
182 149
182 153
186 155
185 155
185 155
184 155
185 142
182 134
176 112
173 80
177 83
177 103
179 120
178 130
179 135
178 148
177 149
174 158
170 159
168 159
158 151
150 154
150 161
145 167
139 163
133 158
128 149
134 156
138 173
142 171
146 165
149 151
158 138
163 124
170 126
60 138
47 144
64 166
65 170
60 186
90 184
97 183
83 180
92 175
83 172
85 174
81 170
84 168
90 165
113 166
138 169
136 167
141 169
147 171
158 174
166 169
172 172
171 172
169 172
170 174
168 171
169 168
170 170
170 167
170 170
172 171
173 164
175 163
176 172
173 177
175 175
177 172
174 167
175 168
179 157
173 153
163 147
159 146
145 124
142 101
151 88
161 116
156 145
87 165
45 171
67 165
137 164
171 163
138 156
142 169
165 175
171 174
165 174
150 170
152 174
155 174
155 175
158 175
162 176
167 169
168 168
171 170
172 164
172 162
176 173
175 168
175 155
180 126
184 115
179 121
182 139
186 141
184 139
182 141
179 157
183 159
185 162
183 160
183 147
185 128
184 116
181 89
181 85
180 109
181 124
181 131
177 138
177 149
177 151
171 150
161 150
155 159
153 160
150 157
147 161
142 168
135 163
130 154
134 160
135 161
142 164
148 156
156 149
162 144
165 133
164 123
174 134
64 137
61 137
71 153
57 169
46 174
75 180
85 178
83 176
92 172
88 170
85 170
80 170
82 170
87 166
90 168
105 166
129 170
134 166
141 168
148 168
166 169
168 170
172 170
168 167
165 169
168 170
169 167
170 168
170 169
172 171
173 169
171 167
175 169
173 168
177 170
175 170
176 167
175 164
176 153
174 148
176 149
166 148
154 138
151 120
145 82
155 96
169 103
163 105
118 118
118 139
156 157
180 163
157 163
129 160
156 163
176 173
173 171
167 168
159 170
155 170
156 172
160 174
157 177
164 176
166 175
170 172
169 172
170 177
170 197
175 172
175 155
178 126
183 101
182 103
179 117
180 130
184 138
188 147
186 148
186 156
184 160
186 162
186 164
188 153
182 131
182 114
181 96
180 83
179 99
175 120
178 131
174 139
173 147
171 144
163 150
158 158
157 162
152 161
146 159
146 160
138 169
128 167
132 160
135 162
145 164
151 155
156 150
165 147
170 140
175 128
180 123
172 144
66 137
61 136
59 148
58 166
49 175
65 186
71 179
86 171
86 174
91 173
96 170
89 166
82 168
93 168
103 171
105 171
107 167
125 167
133 166
135 165
153 166
165 170
167 174
168 168
166 169
165 169
169 170
171 168
170 168
170 163
171 171
170 171
171 169
174 168
174 164
175 173
172 169
178 152
177 141
177 142
170 154
162 146
156 121
151 140
147 159
154 94
175 106
174 113
132 112
103 106
170 112
166 133
134 148
136 155
145 152
163 154
171 161
164 166
157 168
157 174
156 172
159 169
160 172
164 170
168 166
168 170
169 170
168 178
170 201
174 168
179 130
180 107
180 106
181 110
181 118
185 132
185 138
180 152
180 160
186 161
185 163
186 158
182 163
180 161
181 134
180 114
183 97
182 86
180 111
177 123
174 130
171 138
166 143
162 144
158 150
154 161
150 165
148 160
144 160
134 163
128 169
129 172
132 160
140 152
147 153
153 154
157 149
168 145
172 129
172 118
172 136
171 137
57 130
62 136
55 139
53 156
47 177
51 180
68 182
84 177
80 173
88 168
89 171
93 168
97 167
95 166
100 169
95 167
89 170
95 169
119 172
133 164
140 164
163 166
168 163
167 169
169 169
171 171
165 167
168 167
167 171
170 167
170 163
171 167
170 168
175 168
174 166
173 170
173 159
172 150
176 140
179 144
175 152
163 127
151 110
141 149
143 157
155 144
176 115
178 123
148 115
84 110
99 114
124 113
133 118
136 127
148 143
151 149
158 149
162 150
164 157
160 161
161 164
157 161
161 164
166 166
167 173
168 170
170 171
171 171
174 154
176 117
179 106
180 122
183 128
184 135
185 142
186 154
185 154
183 154
183 155
186 163
185 167
186 163
183 164
182 168
181 151
179 117
177 99
178 84
175 103
173 123
172 135
168 143
160 144
155 147
154 156
149 165
144 166
141 164
134 165
122 164
126 167
134 161
144 155
151 150
153 145
159 148
168 149
172 134
173 119
174 137
173 144
173 145
46 125
47 133
47 138
48 148
48 162
59 172
71 166
78 165
79 162
73 167
84 168
95 166
98 165
100 165
95 168
92 167
84 168
81 165
102 167
129 166
142 166
162 165
168 169
166 166
163 167
168 167
172 165
167 164
166 165
168 164
172 164
169 163
170 167
166 172
167 171
172 157
171 146
173 136
169 132
172 149
172 147
170 113
159 149
151 181
145 184
150 163
167 125
176 130
165 123
126 115
78 116
105 117
124 120
131 124
140 128
152 131
158 140
160 147
159 150
162 153
164 150
162 151
162 153
169 158
169 164
172 167
172 159
171 150
170 140
172 119
173 117
175 129
181 135
180 138
178 152
183 159
184 158
184 157
184 148
184 148
182 156
176 160
175 164
175 164
178 158
175 128
178 103
172 85
173 101
171 121
165 131
161 143
159 147
153 159
150 164
143 164
137 162
130 159
123 156
132 159
143 156
147 152
152 147
154 151
162 148
166 143
170 126
173 118
175 135
172 141
174 141
172 142
54 116
44 122
45 130
50 138
56 150
57 162
59 168
70 163
71 163
67 161
78 167
82 165
80 168
93 165
93 168
81 166
94 165
88 169
109 169
126 171
144 168
155 166
168 165
166 165
165 166
163 166
163 167
164 167
165 167
167 161
169 163
164 166
166 170
167 167
165 165
167 147
167 130
166 127
167 127
168 147
172 138
170 93
161 126
152 124
139 152
143 181
157 134
165 134
171 126
155 121
113 120
100 129
119 127
124 126
140 128
151 132
158 136
161 140
164 145
161 149
163 155
166 152
166 149
167 144
170 150
170 155
171 149
170 142
168 144
169 141
173 134
174 138
177 144
177 155
177 159
174 160
179 158
181 155
180 153
175 155
176 157
177 160
175 160
176 161
177 168
174 149
172 120
171 95
169 108
163 123
161 136
159 149
153 152
151 158
142 163
134 160
125 161
128 159
138 155
142 158
148 156
150 149
154 146
160 144
165 142
172 125
168 122
168 136
169 141
168 142
168 139
170 140
66 111
64 113
62 125
62 134
61 149
60 164
63 164
59 163
63 164
63 164
82 161
83 165
83 169
79 165
84 163
88 167
95 161
101 164
108 168
123 167
142 167
153 165
163 167
164 170
164 167
162 168
160 169
160 170
161 167
161 167
160 162
163 160
159 162
161 167
163 160
164 141
164 122
166 120
162 124
163 148
164 119
173 60
164 79
150 65
141 72
138 120
148 147
157 123
161 124
160 130
149 125
124 126
117 132
119 132
132 127
153 135
158 136
160 141
161 142
163 148
164 155
165 161
168 162
169 156
172 148
172 137
169 142
167 147
167 148
171 142
171 140
173 147
176 156
179 162
179 170
185 169
182 161
179 156
174 152
176 151
177 155
178 158
174 162
171 166
171 168
170 161
165 131
162 105
162 112
162 129
162 145
158 155
151 159
137 162
130 166
129 162
138 158
145 156
147 154
150 154
153 151
150 144
158 142
162 137
162 124
165 128
168 136
164 135
167 137
168 140
169 143
166 143
80 105
75 112
80 115
90 127
96 141
85 156
77 162
72 164
68 164
65 162
76 160
77 160
75 165
74 168
72 162
78 160
98 167
97 169
109 164
123 160
135 165
148 166
159 163
160 166
155 167
154 167
156 169
155 168
157 166
154 159
157 162
156 164
160 162
157 159
156 154
159 125
157 117
157 119
160 135
159 151
159 114
159 76
161 99
153 80
151 98
144 84
140 119
146 126
146 125
153 131
152 129
153 133
147 133
141 137
138 139
151 131
159 142
162 141
165 144
166 149
165 150
170 158
171 165
169 171
168 166
168 158
167 146
170 140
170 136
173 134
173 139
171 149
172 163
174 169
174 170
170 166
170 168
175 162
174 160
174 155
172 157
174 161
170 165
168 164
165 164
166 161
166 144
163 120
164 119
158 134
149 152
140 162
131 165
132 166
137 162
142 161
148 158
150 150
146 151
153 146
154 142
161 141
162 129
162 123
163 133
161 137
162 138
160 140
160 135
159 138
159 136
161 138
80 104
78 104
76 112
87 119
86 134
84 151
87 160
93 163
84 165
81 161
81 165
85 162
79 163
72 163
88 164
89 160
78 161
93 161
110 161
120 162
125 161
134 164
139 164
153 161
152 163
153 165
154 163
150 164
153 166
149 161
148 160
153 161
152 161
155 162
157 147
155 122
156 112
156 117
154 135
157 147
155 105
153 80
155 176
159 111
153 95
143 97
135 105
136 132
145 133
147 137
148 138
151 134
157 142
159 144
158 141
158 138
163 133
164 145
162 151
165 149
169 152
169 151
170 158
171 163
171 168
172 169
167 164
169 158
172 150
171 145
171 149
171 158
171 170
174 176
171 176
170 175
170 173
174 173
174 165
175 159
174 159
173 162
168 164
162 166
163 168
163 167
158 150
160 135
149 139
142 143
134 151
131 157
137 160
139 162
139 164
144 157
142 150
143 155
148 152
150 143
155 136
159 128
160 129
161 138
159 137
158 137
159 137
159 137
156 136
155 135
153 135
150 137
68 103
58 111
80 112
89 114
85 118
80 136
77 156
84 157
70 157
79 166
83 163
86 166
78 163
84 162
74 162
66 159
81 161
80 163
94 165
106 166
121 164
122 164
134 163
135 163
139 171
138 171
142 169
140 169
136 166
135 164
137 159
132 155
148 163
144 159
150 145
156 120
156 105
151 106
152 131
149 146
150 102
149 74
145 75
147 82
148 66
143 83
141 98
143 119
142 128
150 136
154 145
159 139
165 139
168 144
164 152
164 147
168 135
164 141
165 148
165 149
167 154
169 154
169 155
169 164
172 169
169 172
168 177
165 170
168 170
167 168
165 166
167 169
167 175
168 175
169 179
169 176
171 174
171 172
169 169
165 166
165 163
160 163
159 164
160 169
158 170
154 169
146 160
139 161
130 159
127 162
130 166
132 166
133 162
134 158
137 152
139 151
143 148
146 146
149 143
153 147
156 141
158 146
152 142
157 144
155 135
151 133
149 131
151 135
149 134
149 141
148 141
154 143
71 102
66 110
80 111
95 110
90 112
64 122
68 140
72 158
66 156
72 150
76 158
79 160
77 160
74 162
68 162
68 158
85 157
81 157
87 160
89 163
105 162
105 162
117 160
121 164
121 169
121 164
116 164
123 169
126 168
128 163
121 163
129 165
122 159
139 152
131 137
132 120
144 112
148 114
144 146
144 158
144 111
145 75
148 52
143 38
146 63
144 58
143 96
141 119
145 127
147 150
151 160
154 148
159 145
163 149
165 148
167 150
164 140
166 140
164 149
167 152
169 155
171 157
170 156
171 160
171 159
169 164
169 167
165 169
163 171
162 173
164 175
163 174
163 176
164 179
162 179
164 177
162 174
161 169
157 165
154 169
153 167
150 166
150 165
148 165
156 164
156 165
149 168
141 166
140 165
141 165
142 163
143 160
147 155
152 154
151 148
156 146
156 141
160 145
160 142
164 119
160 103
164 114
164 133
162 146
166 161
162 162
164 160
159 159
163 158
161 146
157 128
141 97
87 78
82 94
91 107
92 111
87 112
81 113
79 123
71 148
67 157
61 156
73 154
75 159
68 160
67 158
62 160
73 161
69 160
65 157
75 156
88 158
92 161
93 164
90 162
97 162
108 164
97 164
101 166
99 166
103 168
104 164
109 162
109 161
108 160
106 151
118 136
125 120
119 117
127 117
139 148
142 159
143 109
141 67
143 96
150 92
148 150
147 168
149 141
146 130
148 135
152 164
154 167
154 158
156 144
159 144
162 145
163 157
165 143
166 142
166 146
166 150
166 152
166 154
169 158
168 158
167 155
162 160
161 168
165 167
163 167
164 172
165 173
162 173
162 172
160 166
155 165
155 169
151 175
149 172
148 166
143 163
148 163
152 163
155 162
148 167
125 164
104 164
93 163
88 163
84 161
85 154
86 155
92 162
92 156
96 152
99 149
107 150
104 148
106 137
105 99
101 53
105 36
101 33
104 30
100 28
99 36
94 49
98 61
100 64
99 58
89 50
74 46
57 32
64 64
81 72
88 89
88 106
82 105
72 111
72 115
64 124
63 145
56 152
64 154
62 155
74 151
60 155
62 157
54 160
72 158
56 158
61 154
71 157
81 158
76 158
86 160
89 160
90 164
102 167
91 165
94 168
90 166
92 163
97 161
88 162
95 159
95 154
94 136
95 122
96 118
101 122
103 154
109 162
110 122
108 40
120 42
134 50
142 62
153 159
155 171
154 133
148 138
150 165
150 174
152 165
155 150
158 146
161 146
164 152
164 153
167 145
162 149
162 150
162 151
161 155
163 158
164 165
164 164
163 164
160 164
154 166
155 168
155 169
155 170
153 168
151 174
146 169
144 167
145 170
143 172
146 174
155 171
159 166
148 165
125 161
96 154
66 155
44 157
30 157
31 156
32 157
30 152
33 152
33 156
29 159
28 156
29 156
32 151
28 148
35 123
28 77
28 42
26 30
27 35
24 33
26 30
27 34
26 21
23 20
24 13
16 14
14 10
16 14
15 5
19 17
77 64
86 73
94 83
90 89
83 106
76 105
55 110
59 112
62 124
45 145
61 148
68 148
59 153
61 152
49 151
50 152
69 153
68 156
68 157
74 159
77 160
68 160
68 160
67 162
72 161
74 160
81 164
71 166
68 168
73 164
83 165
82 165
81 163
86 159
90 143
94 118
88 110
81 124
70 158
78 157
84 131
97 102
79 110
92 109
100 134
98 171
109 167
137 123
155 125
154 162
157 170
154 165
152 150
150 149
154 149
154 150
158 144
159 147
160 146
158 156
158 158
157 161
154 162
152 158
151 162
149 161
149 162
148 167
146 168
145 169
144 168
143 168
143 168
145 174
147 169
152 170
157 167
145 168
122 169
88 167
58 166
41 163
32 160
35 158
32 153
39 157
36 158
40 161
40 161
38 163
37 156
33 158
36 157
35 156
39 138
38 96
35 49
34 30
35 31
38 36
38 32
37 34
37 36
36 33
38 35
39 28
31 26
33 21
29 22
28 19
28 29
26 21
66 78
73 75
82 64
91 71
70 77
69 88
58 105
60 111
56 113
56 128
54 141
65 145
56 148
52 145
53 149
48 153
51 151
69 152
68 154
94 156
69 154
70 156
68 157
76 160
73 162
72 164
67 162
72 167
62 171
78 168
77 162
74 156
86 155
76 153
78 145
85 133
70 118
82 124
95 153
87 169
90 143
71 99
62 159
48 178
48 180
72 180
86 146
80 121
93 132
107 153
120 156
140 156
154 153
153 146
153 146
153 150
149 147
148 149
148 155
148 156
146 160
147 160
144 161
143 162
142 163
147 166
146 161
143 165
145 169
148 170
144 165
144 164
139 168
134 172
134 173
115 167
85 169
60 168
38 170
35 170
36 170
34 172
38 165
40 164
38 162
40 163
38 162
37 157
39 155
39 155
37 155
40 153
40 144
41 110
38 61
36 31
35 27
39 33
38 35
40 37
36 39
37 34
33 36
38 38
37 38
38 39
39 39
41 37
42 35
35 32
29 29
31 31
83 91
70 88
70 91
84 95
81 81
65 58
66 69
65 88
62 100
53 112
44 127
46 137
61 142
60 144
62 141
49 144
68 150
62 152
58 151
51 154
78 155
66 155
72 158
79 159
72 160
64 158
86 164
77 164
73 163
66 164
77 165
66 164
74 155
66 153
53 140
77 131
106 124
77 119
64 154
57 169
55 147
47 86
45 138
38 166
36 169
35 160
52 129
60 127
53 138
53 144
72 148
75 150
88 151
124 150
131 151
134 146
138 152
138 144
143 151
148 158
142 156
140 159
141 154
138 156
139 159
144 162
142 165
141 163
135 162
136 168
134 165
133 164
144 167
144 166
72 165
40 170
32 168
36 168
39 169
39 167
43 167
44 164
41 165
36 159
35 161
42 159
38 159
42 155
39 156
37 158
40 148
41 118
39 77
34 43
38 27
41 29
36 37
34 33
37 32
39 33
41 29
37 35
42 35
39 37
36 38
37 35
34 35
36 40
38 39
41 41
46 39
42 34
77 60
68 78
63 79
79 88
81 81
69 86
68 68
59 71
49 84
47 119
45 129
37 135
43 133
57 138
56 144
66 144
69 145
63 148
68 152
39 149
42 150
54 153
60 151
62 155
65 158
58 161
65 156
86 163
80 162
69 162
60 167
53 165
55 163
72 153
53 144
59 132
57 128
54 136
49 158
50 172
51 154
52 89
37 104
38 142
35 134
45 121
49 123
65 125
74 138
69 142
64 141
75 146
92 150
123 152
138 155
149 153
149 148
157 151
133 152
126 152
149 156
152 152
149 155
151 156
145 157
131 159
126 161
134 166
145 167
143 163
144 168
160 166
165 166
140 163
59 158
44 162
43 165
40 164
45 163
43 161
42 159
43 161
39 158
42 156
44 156
37 157
44 160
36 160
38 144
40 115
40 74
38 41
39 28
42 29
41 34
39 37
38 29
38 35
39 30
43 31
40 34
38 32
37 34
36 31
38 33
35 35
40 35
37 31
36 38
35 33
37 38
34 43
58 50
57 45
54 50
72 54
72 48
60 46
66 58
49 60
60 80
50 100
54 117
43 136
47 140
64 142
78 140
82 144
66 146
61 145
42 146
45 148
38 153
39 151
43 150
51 152
50 157
57 156
59 160
79 156
70 160
51 161
42 161
41 164
41 163
51 150
53 145
49 140
67 134
54 139
44 175
37 175
41 163
52 115
50 48
50 100
62 113
63 120
53 122
55 119
65 116
60 128
79 141
99 145
125 147
154 152
168 153
177 152
170 150
120 149
80 153
85 154
82 153
112 153
138 153
134 156
126 158
136 161
142 158
160 154
165 160
171 162
161 155
167 155
172 157
118 161
57 162
42 161
44 155
43 157
42 151
42 153
42 152
40 155
40 156
37 163
39 156
36 147
36 122
45 93
42 53
40 33
40 22
46 25
48 30
37 34
37 32
41 32
39 35
38 30
40 36
39 31
45 33
43 34
40 30
37 33
38 30
39 31
39 33
37 34
35 30
40 30
37 29
39 27
46 61
47 60
52 53
57 55
64 63
53 76
53 76
53 70
52 61
64 75
56 87
49 99
57 119
61 129
64 139
59 141
65 140
55 144
56 143
42 144
37 147
40 150
48 149
54 150
59 153
47 153
46 153
53 154
48 154
45 160
44 161
42 161
46 156
38 148
37 138
39 139
41 135
51 134
43 156
46 169
44 166
37 136
44 70
68 52
67 98
54 107
56 104
54 99
49 118
72 131
113 141
151 146
167 150
181 149
166 151
135 156
143 148
168 145
90 150
122 151
139 152
133 151
112 149
108 148
110 148
171 151
181 152
179 152
178 153
177 155
168 155
173 158
161 159
84 153
47 155
45 151
42 154
44 156
38 162
45 159
41 161
45 148
41 138
37 107
39 87
39 62
43 41
37 24
40 26
40 24
36 34
40 39
37 36
40 34
39 35
38 38
36 36
39 34
40 31
40 33
40 34
41 34
39 32
46 31
40 33
38 29
38 32
42 29
39 33
41 31
41 30
44 35
41 86
38 70
47 74
46 90
43 80
47 78
45 81
54 69
60 77
60 73
58 70
54 71
38 88
49 102
53 102
58 118
71 132
64 138
67 138
72 138
49 140
35 143
41 141
50 141
53 141
48 145
42 146
39 147
56 151
48 154
42 156
38 159
36 154
42 143
56 137
42 133
38 135
40 128
45 143
39 158
45 162
53 148
52 122
44 76
58 72
55 112
50 111
49 118
67 121
123 136
159 143
169 147
175 150
138 151
121 150
119 150
140 153
180 149
125 149
112 152
132 151
146 152
140 148
133 146
128 147
166 148
184 148
184 149
180 152
179 152
177 152
171 150
123 156
60 156
45 165
41 167
44 164
44 154
42 137
39 118
46 91
43 66
43 47
43 31
40 25
42 27
40 29
37 34
40 35
36 40
39 33
39 32
46 35
43 33
42 32
40 38
42 33
38 35
45 39
42 34
45 31
41 34
38 32
35 33
41 29
43 33
38 28
38 37
43 32
39 30
39 33
40 28
43 75
39 77
41 81
39 63
46 62
39 68
46 59
53 59
52 73
51 86
48 83
61 78
52 65
42 71
42 87
41 82
40 88
38 99
43 117
59 126
59 131
45 134
33 138
36 137
42 138
39 133
36 134
39 133
38 141
49 141
41 146
40 148
41 155
42 145
40 138
39 131
38 127
36 127
44 136
50 139
47 146
45 149
53 148
48 130
50 115
54 115
56 134
55 138
125 146
155 147
174 152
178 146
155 147
151 148
161 149
154 148
164 149
179 148
154 148
118 145
114 149
123 148
126 144
122 147
119 147
160 151
175 149
176 150
171 150
165 158
160 159
130 159
62 146
45 141
41 110
43 94
45 66
44 53
47 33
45 26
37 22
37 22
42 26
40 35
40 34
35 40
42 38
44 41
39 40
43 32
38 36
40 32
43 29
41 35
41 37
40 36
43 38
46 35
39 35
38 33
38 36
42 32
46 34
43 29
39 33
41 32
42 35
45 31
43 33
41 30
42 29
41 33
56 74
39 48
33 48
35 48
31 36
34 39
36 52
42 55
64 51
51 55
47 61
47 62
67 85
60 86
58 76
52 81
37 84
38 75
33 84
47 93
49 101
55 104
55 113
44 125
34 123
57 129
65 134
40 133
37 128
31 134
36 134
38 142
38 148
34 162
42 146
42 140
36 121
38 126
39 131
45 142
48 137
47 142
47 140
54 142
64 136
46 137
46 139
86 147
174 148
181 148
176 150
156 150
152 147
170 148
173 146
169 149
172 145
172 146
158 143
139 148
125 145
123 145
128 144
128 146
159 154
182 154
182 154
165 151
160 140
169 122
161 101
82 77
41 64
44 45
41 42
42 27
43 33
40 30
39 32
39 31
40 38
41 38
37 38
40 36
36 38
42 36
36 42
36 34
39 34
39 38
42 35
45 35
41 38
43 34
37 32
42 37
38 39
39 34
40 33
43 31
39 36
44 34
42 32
39 33
43 32
46 32
42 32
45 31
47 32
46 29
43 32
49 31
55 55
51 65
49 50
31 54
34 47
33 45
35 56
33 55
44 43
61 34
46 42
40 39
49 47
54 70
42 71
40 76
39 93
34 84
39 73
30 84
26 77
31 82
30 81
35 81
39 94
40 89
49 88
47 93
33 97
29 84
34 87
35 101
35 102
37 97
39 123
35 142
31 133
34 123
46 122
44 129
45 134
49 131
49 125
50 127
52 131
77 139
68 148
86 149
158 154
165 157
155 149
130 144
147 142
174 142
178 146
177 151
172 158
172 157
165 158
152 159
139 160
134 157
138 156
149 147
172 139
183 117
174 106
161 73
174 55
179 44
114 33
58 28
48 28
45 32
47 33
45 36
44 36
42 36
46 37
46 37
44 38
41 40
42 41
40 38
40 42
42 40
39 40
39 40
38 38
41 36
36 36
39 36
45 34
41 38
41 39
41 36
45 38
44 36
46 35
40 33
44 30
41 34
42 38
46 33
43 34
46 36
47 34
42 35
42 36
46 32
50 34
42 31
51 36
53 40
51 56
43 78
38 91
39 86
32 64
37 55
36 65
48 69
49 59
48 48
46 48
51 50
51 62
32 47
28 57
28 82
27 72
38 68
44 95
50 80
47 97
44 93
45 83
42 84
36 87
45 85
46 89
44 84
47 67
42 52
50 55
50 43
50 43
54 68
46 107
47 108
45 108
53 88
52 78
49 61
55 53
51 44
49 53
45 48
56 57
66 62
144 77
166 98
151 136
169 153
171 163
152 157
164 149
174 134
181 126
181 129
175 130
166 121
157 103
159 93
163 75
179 60
183 47
168 39
166 32
182 33
184 34
123 33
57 40
40 38
46 37
45 39
43 41
43 44
45 38
44 37
42 41
38 39
41 41
47 39
45 39
37 38
41 33
39 35
41 39
38 43
39 37
38 37
41 38
40 38
35 34
41 34
39 37
41 39
39 40
41 37
40 39
42 39
43 38
40 36
45 35
43 37
47 33
48 36
45 35
50 37
48 39
44 40
45 34
44 37
56 40
52 34
48 36
43 39
41 48
43 50
46 56
34 47
39 44
39 60
39 65
36 53
35 54
34 47
31 48
43 50
45 51
45 43
44 51
46 53
50 53
50 55
50 54
53 66
52 74
44 66
51 70
44 66
47 58
47 51
49 52
50 49
50 45
47 49
50 45
50 42
48 39
49 52
49 51
45 52
43 38
42 40
49 40
53 39
50 33
49 38
44 34
41 39
66 36
150 37
188 30
153 38
140 53
149 46
144 49
135 42
134 39
154 37
182 31
188 37
189 39
186 38
180 38
165 39
156 36
172 39
186 38
158 40
94 38
37 40
40 40
44 44
43 42
43 44
45 41
43 45
45 42
43 39
44 39
42 39
43 40
39 41
44 38
43 39
41 38
40 41
38 36
39 36
41 35
39 36
40 37
40 37
45 39
44 40
50 36
44 38
44 38
45 38
46 32
46 34
47 37
48 36
43 34
48 36
48 36
47 34
46 33
41 32
45 32
45 34
46 36
47 32
56 53
50 50
53 50
50 45
53 46
51 49
53 48
51 49
45 49
50 55
45 48
52 46
46 47
41 47
44 49
42 51
45 52
49 58
50 53
48 54
49 45
47 40
51 39
45 43
44 40
47 48
45 47
48 48
50 50
45 49
45 45
48 50
48 46
47 49
47 52
48 46
49 46
46 43
46 42
50 40
48 47
49 43
52 46
46 49
48 48
49 49
47 49
47 44
45 45
44 44
95 44
184 38
198 33
158 37
129 38
122 44
124 40
124 40
125 43
128 42
132 40
142 41
160 42
176 44
187 44
165 43
119 45
57 41
36 44
47 45
46 46
46 44
44 38
43 41
42 40
45 42
42 45
44 41
42 41
46 42
43 38
46 38
44 38
48 34
44 37
44 36
44 41
44 39
42 38
43 35
41 37
39 36
40 38
42 38
38 37
41 39
49 37
51 38
49 36
46 35
47 37
46 37
48 37
43 36
45 35
41 34
44 37
48 36
48 35
46 33
47 36
46 34
54 46
51 51
50 49
51 51
48 49
53 43
48 49
49 45
49 50
51 51
50 46
44 48
48 46
50 46
48 44
47 47
47 47
48 47
51 46
48 45
48 49
48 54
49 49
49 43
50 53
48 44
46 45
47 47
47 45
47 47
47 49
48 46
46 48
50 50
45 43
46 46
45 49
44 48
46 47
49 45
47 46
49 47
48 47
49 47
52 50
51 47
49 47
49 44
43 41
45 44
35 49
32 49
80 49
176 43
210 49
187 42
155 51
143 42
146 47
164 45
186 49
192 46
178 46
134 41
98 46
60 47
40 45
45 44
46 40
48 46
46 43
44 43
44 46
47 46
43 38
45 39
46 39
47 41
44 36
43 38
38 38
41 40
41 35
40 41
41 39
42 40
40 38
42 40
44 43
43 39
40 37
44 40
44 41
45 38
47 38
46 39
42 35
43 37
40 35
48 36
45 34
45 37
47 37
44 40
47 36
52 32
48 33
49 37
45 36
46 33
47 31
46 34
